device_time_stamp,system_time_stamp,left_gaze_point_on_display_area,left_gaze_point_in_user_coordinate_system,left_gaze_point_validity,left_pupil_diameter,left_pupil_validity,left_gaze_origin_in_user_coordinate_system,left_gaze_origin_validity,right_gaze_point_on_display_area,right_gaze_point_in_user_coordinate_system,right_gaze_point_validity,right_pupil_diameter,right_pupil_validity,right_gaze_origin_in_user_coordinate_system,right_gaze_origin_validity
8577970337,924886783017,"(0.4896072745323181, 0.24384045600891113)","(-5.088251113891602, 230.89678955078125, 77.20259094238281)",1,3.248016357421875,1,"(-51.97490310668945, -29.020761489868164, 805.7536010742188)",1,"(0.48073115944862366, 0.26093775033950806)","(-9.987895011901855, 225.90818786621094, 75.38690948486328)",1,3.86962890625,1,"(6.858808517456055, -25.352087020874023, 807.2650756835938)",1
8577987037,924886799717,"(0.49130263924598694, 0.24430076777935028)","(-4.152409553527832, 230.76248168945312, 77.15367889404297)",1,3.26727294921875,1,"(-51.9596061706543, -28.999300003051758, 805.2788696289062)",1,"(0.47439974546432495, 0.25764045119285583)","(-13.482852935791016, 226.87026977539062, 75.73705291748047)",1,3.8779296875,1,"(6.848315715789795, -25.33501625061035, 806.84521484375)",1
8578003778,924886816459,"(0.4900577664375305, 0.24012905359268188)","(-4.839537620544434, 231.9796600341797, 77.59671783447266)",1,3.2563018798828125,1,"(-51.951717376708984, -28.944774627685547, 804.62353515625)",1,"(0.4767914116382599, 0.2501528859138489)","(-12.162632942199707, 229.0550079345703, 76.53211975097656)",1,3.8713226318359375,1,"(6.815603256225586, -25.288311004638672, 806.1550903320312)",1
8578020257,924886832938,"(0.48784688115119934, 0.24443188309669495)","(-6.059972763061523, 230.7242431640625, 77.13973999023438)",1,3.2537994384765625,1,"(-51.9340934753418, -28.875843048095703, 804.0037841796875)",1,"(0.4766078293323517, 0.22431106865406036)","(-12.263970375061035, 236.59498596191406, 79.27653503417969)",1,3.833404541015625,1,"(6.808565139770508, -25.24253273010254, 805.5363159179688)",1
8578036906,924886849587,"(0.4935736358165741, 0.25723960995674133)","(-2.89878511428833, 226.98724365234375, 75.77958679199219)",1,3.25665283203125,1,"(-51.93095016479492, -28.817768096923828, 803.720703125)",1,"(0.47541654109954834, 0.22563397884368896)","(-12.921555519104004, 236.20899963378906, 79.13606262207031)",1,3.837432861328125,1,"(6.79261589050293, -25.219247817993164, 805.2903442382812)",1
8578053694,924886866376,"(0.4908479154109955, 0.2620067596435547)","(-4.403387069702148, 225.5963134765625, 75.27330780029297)",1,3.24365234375,1,"(-51.91758728027344, -28.78404998779297, 803.5391845703125)",1,"(0.4783570468425751, 0.22629065811634064)","(-11.29837703704834, 236.0174102783203, 79.06631469726562)",1,3.837493896484375,1,"(6.794817924499512, -25.194616317749023, 805.0833740234375)",1
8578070177,924886882859,"(0.4897714853286743, 0.2688785791397095)","(-4.997563362121582, 223.5912322998047, 74.54358673095703)",1,3.2393951416015625,1,"(-51.906490325927734, -28.7477970123291, 803.518798828125)",1,"(0.47841784358024597, 0.23091459274291992)","(-11.264849662780762, 234.66827392578125, 78.57518768310547)",1,3.8376617431640625,1,"(6.807779788970947, -25.162799835205078, 805.0535888671875)",1
8578086872,924886899554,"(0.48980244994163513, 0.2739938199520111)","(-4.980493068695068, 222.09873962402344, 74.00038146972656)",1,3.25335693359375,1,"(-51.89516067504883, -28.74105453491211, 803.5985107421875)",1,"(0.4792594611644745, 0.23198524117469788)","(-10.800281524658203, 234.35589599609375, 78.46151733398438)",1,3.8364410400390625,1,"(6.820669651031494, -25.152685165405273, 805.1207885742188)",1
8578103706,924886916388,"(0.48819246888160706, 0.2761242389678955)","(-5.869210720062256, 221.47715759277344, 73.77410888671875)",1,3.25469970703125,1,"(-51.88216018676758, -28.745574951171875, 803.78662109375)",1,"(0.47916314005851746, 0.22833238542079926)","(-10.853443145751953, 235.42169189453125, 78.84945678710938)",1,3.8436279296875,1,"(6.846259593963623, -25.16981315612793, 805.3257446289062)",1
8578120097,924886932780,"(0.4865044951438904, 0.26294800639152527)","(-6.800948143005371, 225.32164001464844, 75.17338562011719)",1,3.23248291015625,1,"(-51.85888671875, -28.75927734375, 803.8425903320312)",1,"(0.4811939299106598, 0.22470062971115112)","(-9.732426643371582, 236.48133850097656, 79.23514556884766)",1,3.8548583984375,1,"(6.874635219573975, -25.18917465209961, 805.3775634765625)",1
8578136741,924886949424,"(0.48879578709602356, 0.264546275138855)","(-5.536150932312012, 224.85531616210938, 75.00360870361328)",1,3.2348785400390625,1,"(-51.82476806640625, -28.76327133178711, 803.783935546875)",1,"(0.4794536232948303, 0.22806039452552795)","(-10.693097114562988, 235.5010528564453, 78.87835693359375)",1,3.84686279296875,1,"(6.894580841064453, -25.189373016357422, 805.326171875)",1
8578153524,924886966207,"(0.49190548062324524, 0.26689159870147705)","(-3.819645881652832, 224.17100524902344, 74.75459289550781)",1,3.2321624755859375,1,"(-51.779022216796875, -28.769969940185547, 803.7163696289062)",1,"(0.480454683303833, 0.2490384727716446)","(-10.140494346618652, 229.380126953125, 76.65052032470703)",1,3.8656463623046875,1,"(6.926993370056152, -25.191417694091797, 805.2473754882812)",1
8578170017,924886982700,"(0.49170830845832825, 0.2677435576915741)","(-3.928447961807251, 223.92242431640625, 74.66411590576172)",1,3.2470550537109375,1,"(-51.732872009277344, -28.7803955078125, 803.7870483398438)",1,"(0.4800574779510498, 0.25020700693130493)","(-10.359760284423828, 229.03916931152344, 76.52643585205078)",1,3.8572540283203125,1,"(6.975648403167725, -25.213726043701172, 805.3189086914062)",1
8578186707,924886999391,"(0.4895240068435669, 0.26077255606651306)","(-5.134215354919434, 225.95640563964844, 75.40441131591797)",1,3.2279052734375,1,"(-51.676551818847656, -28.77197265625, 803.89794921875)",1,"(0.4798020124435425, 0.24443472921848297)","(-10.500791549682617, 230.72341918945312, 77.13944244384766)",1,3.8708648681640625,1,"(7.022250652313232, -25.222721099853516, 805.4085083007812)",1
8578203439,924887016123,"(0.4819779694080353, 0.2600950002670288)","(-9.299625396728516, 226.1540985107422, 75.4763412475586)",1,3.22442626953125,1,"(-51.64390563964844, -28.751306533813477, 804.0530395507812)",1,"(0.47268083691596985, 0.2215425819158554)","(-14.431690216064453, 237.40277099609375, 79.570556640625)",1,3.8406524658203125,1,"(7.063844680786133, -25.19829559326172, 805.5762329101562)",1
8578219937,924887032621,"(0.4108841121196747, 0.21912451088428497)","(-48.54369354248047, 238.1083526611328, 79.82730102539062)",1,3.20751953125,1,"(-51.769744873046875, -28.650768280029297, 804.2008666992188)",1,"(0.4085958003997803, 0.2028798907995224)","(-49.80684280395508, 242.84811401367188, 81.552490234375)",1,3.8572235107421875,1,"(6.880280017852783, -25.08221435546875, 805.7291259765625)",1
8578236577,924887049262,"(0.3861152231693268, 0.18992555141448975)","(-62.216217041015625, 246.62791442871094, 82.92816925048828)",1,3.1819610595703125,1,"(-51.843894958496094, -28.53066635131836, 804.0513916015625)",1,"(0.3715815544128418, 0.17028994858264923)","(-70.23885345458984, 252.35708618164062, 85.01344299316406)",1,3.8637847900390625,1,"(6.736047267913818, -24.98126792907715, 805.5859985351562)",1
8578253355,924887066040,"(0.37132328748703003, 0.15310883522033691)","(-70.38140106201172, 257.3701477050781, 86.83807373046875)",1,3.1738433837890625,1,"(-51.87651062011719, -28.445894241333008, 804.6240234375)",1,"(0.34759244322776794, 0.15456785261631012)","(-83.48091125488281, 256.9444274902344, 86.68312072753906)",1,3.8520050048828125,1,"(6.7044878005981445, -24.855865478515625, 806.1414184570312)",1
8578269853,924887082538,"(0.3659950792789459, 0.15358972549438477)","(-73.32258605957031, 257.2298278808594, 86.78701782226562)",1,3.1750335693359375,1,"(-51.774017333984375, -28.36894416809082, 804.2093505859375)",1,"(0.3489316403865814, 0.16130997240543365)","(-82.7416763305664, 254.9772186279297, 85.96713256835938)",1,3.8455657958984375,1,"(6.777104377746582, -24.783241271972656, 805.7438354492188)",1
8578286543,924887099228,"(0.36362385749816895, 0.15592807531356812)","(-74.6314926147461, 256.5475158691406, 86.53865814208984)",1,3.16802978515625,1,"(-51.7409782409668, -28.320697784423828, 804.3338623046875)",1,"(0.3505074083805084, 0.16712288558483124)","(-81.87184143066406, 253.28115844726562, 85.3498306274414)",1,3.828277587890625,1,"(6.8269453048706055, -24.756271362304688, 805.8678588867188)",1
8578303271,924887115957,"(0.3619054853916168, 0.1601220965385437)","(-75.580078125, 255.3238525390625, 86.09326171875)",1,3.126861572265625,1,"(-51.69670867919922, -28.259376525878906, 804.5694580078125)",1,"(0.3505796790122986, 0.15088841319084167)","(-81.83195495605469, 258.01800537109375, 87.0738754272461)",1,3.794036865234375,1,"(6.8926100730896, -24.74836540222168, 806.087158203125)",1
8578319773,924887132459,"(0.36060938239097595, 0.15617749094963074)","(-76.29553985595703, 256.47479248046875, 86.51216888427734)",1,3.091888427734375,1,"(-51.632022857666016, -28.18260383605957, 804.5382080078125)",1,"(0.3495546281337738, 0.14239127933979034)","(-82.39781188964844, 260.4972839355469, 87.97626495361328)",1,3.7733917236328125,1,"(6.9743428230285645, -24.72295379638672, 806.0546875)",1
8578336413,924887149099,"(0.3601289689540863, 0.14974060654640198)","(-76.56070709228516, 258.3529052734375, 87.19575500488281)",1,3.0966644287109375,1,"(-51.5792350769043, -28.161832809448242, 804.4112548828125)",1,"(0.3452734649181366, 0.13798721134662628)","(-84.76099395751953, 261.7822570800781, 88.4439468383789)",1,3.7567291259765625,1,"(7.031337261199951, -24.70823097229004, 805.9222412109375)",1
8578353283,924887165969,"(0.357422411441803, 0.1512169986963272)","(-78.05472564697266, 257.922119140625, 87.03897094726562)",1,3.0841827392578125,1,"(-51.497093200683594, -28.093708038330078, 804.2005004882812)",1,"(0.34577205777168274, 0.1414581835269928)","(-84.48575592041016, 260.7695007324219, 88.07535552978516)",1,3.7290802001953125,1,"(7.089468955993652, -24.652957916259766, 805.710205078125)",1
8578369693,924887182380,"(0.3598383069038391, 0.1547103375196457)","(-76.72113800048828, 256.9028625488281, 86.66796112060547)",1,3.06976318359375,1,"(-51.453651428222656, -28.047597885131836, 804.2113647460938)",1,"(0.34729301929473877, 0.14457252621650696)","(-83.64618682861328, 259.8608093261719, 87.7446517944336)",1,3.6983642578125,1,"(7.134088039398193, -24.61284828186035, 805.7189331054688)",1
8578386379,924887199066,"(0.3636203408241272, 0.1707928627729416)","(-74.63343811035156, 252.2103271484375, 84.9600601196289)",1,3.050994873046875,1,"(-51.42617416381836, -27.994565963745117, 804.179931640625)",1,"(0.34295639395713806, 0.15433792769908905)","(-86.04000091552734, 257.011474609375, 86.70758056640625)",1,3.6939544677734375,1,"(7.164797782897949, -24.580358505249023, 805.6866455078125)",1
8578403198,924887215885,"(0.3595273494720459, 0.16779665648937225)","(-76.89277648925781, 253.0845489501953, 85.27824401855469)",1,3.030181884765625,1,"(-51.39207077026367, -27.965452194213867, 804.1906127929688)",1,"(0.3426571786403656, 0.16158370673656464)","(-86.20519256591797, 254.89736938476562, 85.93807983398438)",1,3.6770172119140625,1,"(7.195936679840088, -24.558055877685547, 805.6995849609375)",1
8578419608,924887232296,"(0.3602832555770874, 0.1726064831018448)","(-76.47554016113281, 251.68115234375, 84.7674331665039)",1,3.0168304443359375,1,"(-51.39735794067383, -27.959415435791016, 804.4319458007812)",1,"(0.3442974090576172, 0.16250239312648773)","(-85.29978942871094, 254.6293487548828, 85.8404541015625)",1,3.6581268310546875,1,"(7.202920913696289, -24.565380096435547, 805.937255859375)",1
8578436247,924887248935,"(0.36003556847572327, 0.16580000519752502)","(-76.61227416992188, 253.6671600341797, 85.49029541015625)",1,2.9989013671875,1,"(-51.4043083190918, -27.957332611083984, 804.5575561523438)",1,"(0.34711286425590515, 0.1605176329612732)","(-83.74560546875, 255.20843505859375, 86.05122375488281)",1,3.6488189697265625,1,"(7.199608325958252, -24.567474365234375, 806.0664672851562)",1
8578453016,924887265704,"(0.36168092489242554, 0.16527388989925385)","(-75.70401000976562, 253.82066345214844, 85.54618072509766)",1,2.9855804443359375,1,"(-51.43022537231445, -27.954336166381836, 804.7767944335938)",1,"(0.3475463092327118, 0.1645015925168991)","(-83.50638580322266, 254.04600524902344, 85.62816619873047)",1,3.626983642578125,1,"(7.1800031661987305, -24.557785034179688, 806.2879638671875)",1
8578469528,924887282216,"(0.3758228123188019, 0.16956157982349396)","(-67.89767456054688, 252.56964111328125, 85.09081268310547)",1,2.998931884765625,1,"(-51.395137786865234, -27.96977424621582, 805.0475463867188)",1,"(0.3708818852901459, 0.16669867932796478)","(-70.62507629394531, 253.4049530029297, 85.39484405517578)",1,3.629302978515625,1,"(7.225096702575684, -24.587900161743164, 806.55224609375)",1
8578486213,924887298902,"(0.42810091376304626, 0.16246141493320465)","(-39.039955139160156, 254.64125061035156, 85.8448257446289)",1,3.0055999755859375,1,"(-51.24945068359375, -27.97367286682129, 804.7052001953125)",1,"(0.4206162095069885, 0.15916255116462708)","(-43.171539306640625, 255.6038055419922, 86.19515991210938)",1,3.6016693115234375,1,"(7.3443684577941895, -24.59956169128418, 806.2022705078125)",1
8578503028,924887315717,"(0.4907221496105194, 0.158656045794487)","(-4.472817897796631, 255.75157165527344, 86.24898529052734)",1,3.01519775390625,1,"(-50.99269104003906, -27.953439712524414, 804.2601318359375)",1,"(0.47786226868629456, 0.16458819806575775)","(-11.571518898010254, 254.0207061767578, 85.6189956665039)",1,3.6029205322265625,1,"(7.534824371337891, -24.58260726928711, 805.7469482421875)",1
8578519448,924887332137,"(0.4962913393974304, 0.15671853721141815)","(-1.3986061811447144, 256.31689453125, 86.45467376708984)",1,3.0020294189453125,1,"(-51.00753402709961, -27.965457916259766, 804.7882080078125)",1,"(0.48672181367874146, 0.16652393341064453)","(-6.68101692199707, 253.45591735839844, 85.41344451904297)",1,3.58953857421875,1,"(7.52695369720459, -24.57987403869629, 806.2496337890625)",1
8578536083,924887348772,"(0.49389925599098206, 0.16560116410255432)","(-2.7190375328063965, 253.72518920898438, 85.51134490966797)",1,2.9924774169921875,1,"(-51.06731033325195, -27.947608947753906, 804.6682739257812)",1,"(0.4882659316062927, 0.16741091012954712)","(-5.828662872314453, 253.19711303710938, 85.31922912597656)",1,3.557525634765625,1,"(7.472888946533203, -24.553192138671875, 806.1460571289062)",1
8578552944,924887365634,"(0.4997687339782715, 0.16607719659805298)","(0.5209112763404846, 253.58627319335938, 85.46086120605469)",1,2.9978790283203125,1,"(-51.17781448364258, -27.96186637878418, 804.7389526367188)",1,"(0.4883773922920227, 0.16374772787094116)","(-5.767155170440674, 254.26596069335938, 85.70823669433594)",1,3.5757293701171875,1,"(7.391910552978516, -24.546571731567383, 806.2296142578125)",1
8578569368,924887382058,"(0.49640458822250366, 0.1600797027349472)","(-1.3361197710037231, 255.3362274169922, 86.0977554321289)",1,3.01129150390625,1,"(-51.2432746887207, -27.968366622924805, 804.56494140625)",1,"(0.4849625825881958, 0.16832642257213593)","(-7.652122974395752, 252.9300079345703, 85.22196960449219)",1,3.5733489990234375,1,"(7.303142547607422, -24.52002716064453, 806.0634765625)",1
8578586049,924887398739,"(0.49889907240867615, 0.16397470235824585)","(0.040860097855329514, 254.19970703125, 85.68409729003906)",1,3.011077880859375,1,"(-51.31590270996094, -27.962921142578125, 804.5924072265625)",1,"(0.494072288274765, 0.17260974645614624)","(-2.6235554218292236, 251.6802215576172, 84.76713562011719)",1,3.580902099609375,1,"(7.214531421661377, -24.515539169311523, 806.0902099609375)",1
8578602860,924887415551,"(0.5001673698425293, 0.16218730807304382)","(0.7409720420837402, 254.72125244140625, 85.87397003173828)",1,3.005279541015625,1,"(-51.41996383666992, -27.997234344482422, 804.818115234375)",1,"(0.4894300401210785, 0.1681010127067566)","(-5.186064720153809, 252.99574279785156, 85.24593353271484)",1,3.585968017578125,1,"(7.142184257507324, -24.521203994750977, 806.327880859375)",1
8578619288,924887431979,"(0.5007827281951904, 0.16210508346557617)","(1.0806552171707153, 254.74525451660156, 85.88265991210938)",1,3.020782470703125,1,"(-51.505592346191406, -28.015586853027344, 804.8953247070312)",1,"(0.48393791913986206, 0.17253082990646362)","(-8.217747688293457, 251.70326232910156, 84.77548217773438)",1,3.58050537109375,1,"(7.066375255584717, -24.521591186523438, 806.4063110351562)",1
8578635918,924887448609,"(0.49758705496788025, 0.15893958508968353)","(-0.6833739280700684, 255.6688690185547, 86.21883392333984)",1,3.0178985595703125,1,"(-51.55048370361328, -28.01939582824707, 804.72216796875)",1,"(0.4921843111515045, 0.16096432507038116)","(-3.6656949520111084, 255.07809448242188, 86.00379180908203)",1,3.5789337158203125,1,"(6.985123634338379, -24.531044006347656, 806.244384765625)",1
8578652775,924887465466,"(0.4440845251083374, 0.19273893535137177)","(-30.21696662902832, 245.80702209472656, 82.6294174194336)",1,3.0046844482421875,1,"(-51.76727294921875, -28.083921432495117, 804.6749877929688)",1,"(0.4493638575077057, 0.18208633363246918)","(-27.302738189697266, 248.91517639160156, 83.7607421875)",1,3.5856781005859375,1,"(6.766045570373535, -24.600236892700195, 806.220703125)",1
8578669208,924887481900,"(0.3603433072566986, 0.2456408143043518)","(-76.4424057006836, 230.3715057373047, 77.0113296508789)",1,2.99993896484375,1,"(-52.206871032714844, -28.24932861328125, 805.2369384765625)",1,"(0.36183875799179077, 0.21786580979824066)","(-75.61689758300781, 238.47555541992188, 79.96102905273438)",1,3.6015625,1,"(6.35252571105957, -24.75951385498047, 806.7874755859375)",1
8578685884,924887498576,"(0.34256893396377563, 0.2609541416168213)","(-86.25390625, 225.9034423828125, 75.38507080078125)",1,3.001922607421875,1,"(-52.280452728271484, -28.26514434814453, 804.460693359375)",1,"(0.3374384343624115, 0.24966572225093842)","(-89.08599853515625, 229.19712829589844, 76.58393859863281)",1,3.6300506591796875,1,"(6.194502830505371, -24.75891876220703, 806.0514526367188)",1
8578702690,924887515382,"(0.34194597601890564, 0.2644536793231964)","(-86.59777069091797, 224.8823699951172, 75.01343536376953)",1,3.0047607421875,1,"(-52.32770919799805, -28.245182037353516, 804.1812133789062)",1,"(0.3377413749694824, 0.254137247800827)","(-88.91873931884766, 227.89242553710938, 76.10904693603516)",1,3.63995361328125,1,"(6.143693923950195, -24.745403289794922, 805.7679443359375)",1
8578719133,924887531825,"(0.34530025720596313, 0.2678326368331909)","(-84.7462158203125, 223.8964385986328, 74.65464782714844)",1,2.9952545166015625,1,"(-52.436241149902344, -28.266218185424805, 804.8143920898438)",1,"(0.33947423100471497, 0.2509380280971527)","(-87.96221160888672, 228.82589721679688, 76.44879150390625)",1,3.642059326171875,1,"(6.090811729431152, -24.75697135925293, 806.3941040039062)",1
8578735850,924887548543,"(0.34530332684516907, 0.27444109320640564)","(-84.74451446533203, 221.96823120117188, 73.9528579711914)",1,3.02423095703125,1,"(-52.461788177490234, -28.255512237548828, 804.7371215820312)",1,"(0.3326123058795929, 0.2581869959831238)","(-91.75001525878906, 226.7108154296875, 75.67899322509766)",1,3.6575775146484375,1,"(6.080678462982178, -24.7547550201416, 806.3258056640625)",1
8578752605,924887565298,"(0.3432297706604004, 0.2813872992992401)","(-85.8891372680664, 219.94151306152344, 73.21513366699219)",1,3.02099609375,1,"(-52.48710632324219, -28.23370933532715, 804.44970703125)",1,"(0.333402156829834, 0.2617309093475342)","(-91.31402587890625, 225.6768035888672, 75.3025894165039)",1,3.665008544921875,1,"(6.0504937171936035, -24.737470626831055, 806.0279541015625)",1
8578769053,924887581746,"(0.34049537777900696, 0.27832871675491333)","(-87.39852142333984, 220.83395385742188, 73.53994750976562)",1,3.00555419921875,1,"(-52.500247955322266, -28.21747589111328, 804.4591064453125)",1,"(0.33475935459136963, 0.250822514295578)","(-90.5648193359375, 228.85960388183594, 76.4610595703125)",1,3.646270751953125,1,"(6.05091667175293, -24.729488372802734, 806.048583984375)",1
8578785720,924887598414,"(0.3403516113758087, 0.27588406205177307)","(-87.47784423828125, 221.5472412109375, 73.79955291748047)",1,3.0147857666015625,1,"(-52.512020111083984, -28.217817306518555, 804.5972900390625)",1,"(0.33427950739860535, 0.2503572404384613)","(-90.8296890258789, 228.995361328125, 76.51045989990234)",1,3.6494293212890625,1,"(6.05418586730957, -24.732498168945312, 806.1832275390625)",1
8578802521,924887615215,"(0.3419269919395447, 0.26783260703086853)","(-86.60826110839844, 223.89645385742188, 74.6546401977539)",1,3.0138092041015625,1,"(-52.521663665771484, -28.21872329711914, 804.7449951171875)",1,"(0.33829376101493835, 0.254740446805954)","(-88.61380767822266, 227.71644592285156, 76.04500579833984)",1,3.6501617431640625,1,"(6.065649032592773, -24.732810974121094, 806.337890625)",1
8578818977,924887631671,"(0.34164270758628845, 0.27005448937416077)","(-86.76517486572266, 223.24815368652344, 74.41867065429688)",1,3.021270751953125,1,"(-52.528160095214844, -28.22376251220703, 804.94775390625)",1,"(0.3376109004020691, 0.252453476190567)","(-88.99075317382812, 228.3837127685547, 76.28787994384766)",1,3.6416168212890625,1,"(6.092082500457764, -24.74183464050293, 806.538330078125)",1
8578835686,924887648380,"(0.34274038672447205, 0.26969990134239197)","(-86.1592788696289, 223.3516387939453, 74.45631408691406)",1,3.00787353515625,1,"(-52.52803039550781, -28.226821899414062, 805.03955078125)",1,"(0.338957279920578, 0.2534709572792053)","(-88.24756622314453, 228.0868377685547, 76.1798324584961)",1,3.644500732421875,1,"(6.101263523101807, -24.74541664123535, 806.6222534179688)",1
8578852437,924887665132,"(0.345041960477829, 0.2689380645751953)","(-84.88877868652344, 223.5738983154297, 74.53721618652344)",1,3.0232391357421875,1,"(-52.52346420288086, -28.251541137695312, 805.0198364257812)",1,"(0.3378286063671112, 0.26222145557403564)","(-88.8705825805664, 225.53366088867188, 75.25051879882812)",1,3.65032958984375,1,"(6.117946624755859, -24.765649795532227, 806.6024780273438)",1
8578868897,924887681592,"(0.34525638818740845, 0.27306899428367615)","(-84.77042388916016, 222.36862182617188, 74.09855651855469)",1,3.0201263427734375,1,"(-52.51144790649414, -28.28923225402832, 805.0343017578125)",1,"(0.3366072177886963, 0.2692829668521881)","(-89.5447998046875, 223.4732666015625, 74.5006103515625)",1,3.6564788818359375,1,"(6.124915599822998, -24.79659080505371, 806.6124267578125)",1
8578885652,924887698347,"(0.3508974611759186, 0.2551627457141876)","(-81.65654754638672, 227.59324645996094, 76.00016784667969)",1,3.0305938720703125,1,"(-52.48501968383789, -28.341957092285156, 804.9786987304688)",1,"(0.33975327014923096, 0.26766109466552734)","(-87.80815887451172, 223.9464874267578, 74.67284393310547)",1,3.661346435546875,1,"(6.17054557800293, -24.802902221679688, 806.5614624023438)",1
8578902352,924887715047,"(0.41036054491996765, 0.24408996105194092)","(-48.83269119262695, 230.82395935058594, 77.17607116699219)",1,3.05169677734375,1,"(-52.2515869140625, -28.37510108947754, 805.0233154296875)",1,"(0.4130594730377197, 0.26537570357322693)","(-47.342891693115234, 224.61334228515625, 74.9155502319336)",1,3.6547698974609375,1,"(6.412785053253174, -24.82262420654297, 806.6251220703125)",1
8578918817,924887731513,"(0.5038496255874634, 0.23397698998451233)","(2.773627758026123, 233.7747039794922, 78.25003814697266)",1,3.0746307373046875,1,"(-51.78702926635742, -28.341073989868164, 804.3253173828125)",1,"(0.5009631514549255, 0.24205294251441956)","(1.1802196502685547, 231.41836547851562, 77.39242553710938)",1,3.603363037109375,1,"(6.781732082366943, -24.806243896484375, 805.869140625)",1
8578935522,924887748218,"(0.5386538505554199, 0.22892801463603973)","(21.98569679260254, 235.2478790283203, 78.78620910644531)",1,3.093414306640625,1,"(-51.63246154785156, -28.352750778198242, 804.6551513671875)",1,"(0.52528315782547, 0.24054856598377228)","(14.604948043823242, 231.85728454589844, 77.55216217041016)",1,3.61480712890625,1,"(6.91586971282959, -24.836210250854492, 806.15185546875)",1
8578952267,924887764963,"(0.5397650599479675, 0.22862142324447632)","(22.599056243896484, 235.33734130859375, 78.81877899169922)",1,3.0856475830078125,1,"(-51.595001220703125, -28.36357879638672, 804.8893432617188)",1,"(0.5286140441894531, 0.2494826465845108)","(16.443653106689453, 229.25051879882812, 76.60337829589844)",1,3.6221466064453125,1,"(6.979433536529541, -24.86127281188965, 806.3945922851562)",1
8578968733,924887781430,"(0.5442752242088318, 0.2324620634317398)","(25.088645935058594, 234.2167510986328, 78.410888671875)",1,3.080657958984375,1,"(-51.567996978759766, -28.355712890625, 804.7848510742188)",1,"(0.5354191064834595, 0.24846673011779785)","(20.200063705444336, 229.5469207763672, 76.71127319335938)",1,3.6026458740234375,1,"(7.015835285186768, -24.85474967956543, 806.295654296875)",1
8578985390,924887798087,"(0.545721709728241, 0.23332181572914124)","(25.88714027404785, 233.96588134765625, 78.31961822509766)",1,3.1081390380859375,1,"(-51.54967498779297, -28.356821060180664, 804.8211059570312)",1,"(0.5357916355133057, 0.25070685148239136)","(20.405654907226562, 228.8933563232422, 76.47334289550781)",1,3.64019775390625,1,"(7.0386576652526855, -24.857337951660156, 806.329345703125)",1
8579002182,924887814879,"(0.5453875660896301, 0.23747213184833527)","(25.70268440246582, 232.75491333007812, 77.87886047363281)",1,3.102264404296875,1,"(-51.52417755126953, -28.345232009887695, 804.8657836914062)",1,"(0.535807728767395, 0.24450211226940155)","(20.414587020874023, 230.7037353515625, 77.13225555419922)",1,3.621002197265625,1,"(7.0729265213012695, -24.857561111450195, 806.373046875)",1
8579018648,924887831345,"(0.5462667942047119, 0.23386700451374054)","(26.187999725341797, 233.80682373046875, 78.26171112060547)",1,3.0888824462890625,1,"(-51.50773239135742, -28.325239181518555, 805.0120849609375)",1,"(0.5356884002685547, 0.2485567182302475)","(20.34869384765625, 229.5207061767578, 76.70165252685547)",1,3.6070404052734375,1,"(7.113791465759277, -24.85723876953125, 806.518798828125)",1
8579035356,924887848054,"(0.5437741279602051, 0.2369411140680313)","(24.812095642089844, 232.9098663330078, 77.93523406982422)",1,3.1051483154296875,1,"(-51.492584228515625, -28.30200958251953, 805.095947265625)",1,"(0.533103346824646, 0.24801002442836761)","(18.92176628112793, 229.68023681640625, 76.75973510742188)",1,3.62249755859375,1,"(7.136686325073242, -24.854473114013672, 806.59912109375)",1
8579052194,924887864892,"(0.5424436330795288, 0.24014508724212646)","(24.077613830566406, 231.9750213623047, 77.59497833251953)",1,3.10272216796875,1,"(-51.46930694580078, -28.283523559570312, 805.1892700195312)",1,"(0.5365368127822876, 0.24784120917320251)","(20.817012786865234, 229.72947692871094, 76.7776870727539)",1,3.621337890625,1,"(7.16288423538208, -24.84696388244629, 806.6942138671875)",1
8579068568,924887881266,"(0.5439615845680237, 0.2486470341682434)","(24.91552734375, 229.4943389892578, 76.69207000732422)",1,3.10107421875,1,"(-51.44399642944336, -28.248376846313477, 805.1079711914062)",1,"(0.5357912182807922, 0.25176137685775757)","(20.405454635620117, 228.58567810058594, 76.36134338378906)",1,3.619354248046875,1,"(7.188836574554443, -24.833349227905273, 806.6113891601562)",1
8579085226,924887897924,"(0.5434294939041138, 0.24351948499679565)","(24.621843338012695, 230.99044799804688, 77.23661041259766)",1,3.1027984619140625,1,"(-51.42868423461914, -28.23650360107422, 805.035400390625)",1,"(0.5393255352973938, 0.24392235279083252)","(22.356393814086914, 230.87290954589844, 77.19380187988281)",1,3.6178436279296875,1,"(7.196946620941162, -24.827749252319336, 806.5401000976562)",1
8579102110,924887914809,"(0.5443978905677795, 0.2406073361635208)","(25.156394958496094, 231.8401336669922, 77.5459213256836)",1,3.096466064453125,1,"(-51.41316223144531, -28.223875045776367, 804.947509765625)",1,"(0.5406203866004944, 0.2520798444747925)","(23.071144104003906, 228.4927520751953, 76.32752990722656)",1,3.64617919921875,1,"(7.20316219329834, -24.820388793945312, 806.4491577148438)",1
8579118487,924887931186,"(0.5434013605117798, 0.2350499927997589)","(24.606271743774414, 233.46163940429688, 78.1360855102539)",1,3.096038818359375,1,"(-51.405784606933594, -28.219318389892578, 804.819091796875)",1,"(0.541976273059845, 0.24900519847869873)","(23.819618225097656, 229.38986206054688, 76.65404510498047)",1,3.6529083251953125,1,"(7.193615913391113, -24.81715202331543, 806.3215942382812)",1
8579135192,924887947891,"(0.5345916748046875, 0.23901908099651337)","(19.743318557739258, 232.3035430908203, 77.71458435058594)",1,3.1173553466796875,1,"(-51.41869354248047, -28.226402282714844, 804.701904296875)",1,"(0.535938560962677, 0.2525641620159149)","(20.48680305480957, 228.35142517089844, 76.2761001586914)",1,3.6448516845703125,1,"(7.171307563781738, -24.806808471679688, 806.2080078125)",1
8579152026,924887964726,"(0.46753990650177, 0.25080108642578125)","(-17.26949119567871, 228.8658447265625, 76.46333312988281)",1,3.15234375,1,"(-51.65928649902344, -28.317859649658203, 804.479736328125)",1,"(0.47240668535232544, 0.2671964168548584)","(-14.583019256591797, 224.08206176757812, 74.72219848632812)",1,3.67364501953125,1,"(6.937767028808594, -24.883628845214844, 805.9637451171875)",1
8579168417,924887981117,"(0.3733068108558655, 0.28495678305625916)","(-69.2864761352539, 218.90003967285156, 72.8360595703125)",1,3.0856170654296875,1,"(-52.1317024230957, -28.480331420898438, 805.1219482421875)",1,"(0.37546247243881226, 0.28706100583076477)","(-68.0965576171875, 218.28604125976562, 72.61257934570312)",1,3.67718505859375,1,"(6.51622200012207, -25.046844482421875, 806.6631469726562)",1
8579185061,924887997761,"(0.35215428471565247, 0.3209487795829773)","(-80.9627685546875, 208.39840698242188, 69.01378631591797)",1,3.0865020751953125,1,"(-52.26938247680664, -28.49570655822754, 805.0537109375)",1,"(0.3457558751106262, 0.320010244846344)","(-84.49470520019531, 208.67225646972656, 69.11347961425781)",1,3.69012451171875,1,"(6.351080417633057, -25.059640884399414, 806.6240844726562)",1
8579201940,924888014640,"(0.3473258316516876, 0.32315677404403687)","(-83.6280746459961, 207.75418090820312, 68.77931213378906)",1,3.0908050537109375,1,"(-52.385597229003906, -28.548608779907227, 805.8302612304688)",1,"(0.3414682149887085, 0.314035564661026)","(-86.86149597167969, 210.41551208496094, 69.74795532226562)",1,3.683624267578125,1,"(6.28472375869751, -25.110240936279297, 807.4212646484375)",1
8579218337,924888031038,"(0.3452567458152771, 0.3137732446193695)","(-84.77024841308594, 210.49209594726562, 69.77583312988281)",1,3.06341552734375,1,"(-52.49168014526367, -28.60388946533203, 806.4892578125)",1,"(0.331100732088089, 0.3249700665473938)","(-92.58439636230469, 207.22509765625, 68.5867691040039)",1,3.7075347900390625,1,"(6.260937690734863, -25.141820907592773, 808.0542602539062)",1
8579235027,924888047728,"(0.34532126784324646, 0.3222198486328125)","(-84.734619140625, 208.02755737304688, 68.87882232666016)",1,3.078826904296875,1,"(-52.54030227661133, -28.623455047607422, 806.750244140625)",1,"(0.33344924449920654, 0.32404181361198425)","(-91.28801727294922, 207.49594116210938, 68.68536376953125)",1,3.7222900390625,1,"(6.225780010223389, -25.1699275970459, 808.33935546875)",1
8579251856,924888064557,"(0.3452014923095703, 0.3174624443054199)","(-84.80069732666016, 209.41563415527344, 69.38404846191406)",1,3.0719451904296875,1,"(-52.63412857055664, -28.6584529876709, 807.1178588867188)",1,"(0.3350980877876282, 0.3321819603443146)","(-90.3778305053711, 205.12083435058594, 67.82085418701172)",1,3.7376861572265625,1,"(6.178735256195068, -25.180320739746094, 808.7117919921875)",1
8579268257,924888080958,"(0.3485691547393799, 0.3186575770378113)","(-82.9417724609375, 209.06695556640625, 69.25713348388672)",1,3.08160400390625,1,"(-52.72202682495117, -28.67864418029785, 807.412841796875)",1,"(0.3374164402484894, 0.3173251152038574)","(-89.09809112548828, 209.4557342529297, 69.39862060546875)",1,3.7000732421875,1,"(6.113282680511475, -25.18386459350586, 808.9974975585938)",1
8579284993,924888097695,"(0.3465297818183899, 0.3167690634727478)","(-84.06748962402344, 209.61795043945312, 69.4576644897461)",1,3.0909423828125,1,"(-52.756038665771484, -28.692928314208984, 807.445556640625)",1,"(0.3365269601345062, 0.3310413956642151)","(-89.58909606933594, 205.45362854003906, 67.94198608398438)",1,3.733642578125,1,"(6.074405193328857, -25.17378807067871, 809.0386962890625)",1
8579301675,924888114377,"(0.3448874354362488, 0.31467729806900024)","(-84.97406768798828, 210.228271484375, 69.6798095703125)",1,3.0879974365234375,1,"(-52.82386016845703, -28.708906173706055, 807.3899536132812)",1,"(0.34008994698524475, 0.3382920026779175)","(-87.62230682373047, 203.3380889892578, 67.1719970703125)",1,3.740020751953125,1,"(6.003910064697266, -25.173974990844727, 808.9898681640625)",1
8579318177,924888130879,"(0.3424103558063507, 0.31812670826911926)","(-86.3414306640625, 209.22181701660156, 69.31350708007812)",1,3.100616455078125,1,"(-52.8946533203125, -28.721458435058594, 807.3787231445312)",1,"(0.3347592353820801, 0.32960745692253113)","(-90.56490325927734, 205.8720245361328, 68.09425354003906)",1,3.7429046630859375,1,"(5.944052696228027, -25.183609008789062, 808.9800415039062)",1
8579334863,924888147566,"(0.34545889496803284, 0.31055179238319397)","(-84.65863800048828, 211.4320068359375, 70.11796569824219)",1,3.0883026123046875,1,"(-52.94860076904297, -28.73456382751465, 807.4441528320312)",1,"(0.33732470870018005, 0.3305041790008545)","(-89.14873504638672, 205.61038208007812, 67.99901580810547)",1,3.7452392578125,1,"(5.885622024536133, -25.17098617553711, 809.0568237304688)",1
8579351591,924888164294,"(0.34392550587654114, 0.3074468970298767)","(-85.50508880615234, 212.33795166015625, 70.44766998291016)",1,3.0911102294921875,1,"(-53.02217483520508, -28.769756317138672, 807.482666015625)",1,"(0.3353894054889679, 0.32013511657714844)","(-90.21704864501953, 208.63583374023438, 69.10022735595703)",1,3.7104644775390625,1,"(5.821408271789551, -25.17963981628418, 809.0901489257812)",1
8579368097,924888180800,"(0.3420010805130005, 0.3209015727043152)","(-86.56737518310547, 208.41220092773438, 69.01883697509766)",1,3.101226806640625,1,"(-53.07622146606445, -28.780813217163086, 807.3900756835938)",1,"(0.3342415392398834, 0.33314722776412964)","(-90.85065460205078, 204.83920288085938, 67.71834564208984)",1,3.7336883544921875,1,"(5.763966083526611, -25.177875518798828, 809.0054931640625)",1
8579384829,924888197533,"(0.34649261832237244, 0.30933529138565063)","(-84.0880355834961, 211.78695678710938, 70.24713134765625)",1,3.090423583984375,1,"(-53.12089920043945, -28.796627044677734, 807.41845703125)",1,"(0.33633536100387573, 0.3125987946987152)","(-89.69488525390625, 210.83473205566406, 69.90056610107422)",1,3.6901702880859375,1,"(5.7248358726501465, -25.201194763183594, 809.0383911132812)",1
8579401506,924888214211,"(0.35384997725486755, 0.31253328919410706)","(-80.02674865722656, 210.8538360595703, 69.90751647949219)",1,3.1034393310546875,1,"(-53.15779495239258, -28.805194854736328, 807.4077758789062)",1,"(0.3448314070701599, 0.33202460408210754)","(-85.00503540039062, 205.166748046875, 67.83761596679688)",1,3.7250518798828125,1,"(5.689866065979004, -25.204843521118164, 809.0194091796875)",1
8579418017,924888230722,"(0.39965590834617615, 0.30948516726493835)","(-54.7417106628418, 211.7432098388672, 70.23120880126953)",1,3.1180572509765625,1,"(-52.96923828125, -28.832460403442383, 807.4298095703125)",1,"(0.4068436920642853, 0.3291642665863037)","(-50.77401351928711, 206.00132751464844, 68.14136505126953)",1,3.71563720703125,1,"(5.8440399169921875, -25.21954917907715, 809.0460815429688)",1
8579434699,924888247404,"(0.43504858016967773, 0.30783241987228394)","(-35.204837799072266, 212.2254180908203, 70.40674591064453)",1,3.1273651123046875,1,"(-52.89878845214844, -28.852741241455078, 807.9569702148438)",1,"(0.4273364245891571, 0.3329413831233978)","(-39.46196746826172, 204.8992462158203, 67.74024963378906)",1,3.7097930908203125,1,"(5.9517388343811035, -25.238916397094727, 809.5524291992188)",1
8579451421,924888264126,"(0.4357219636440277, 0.3155583441257477)","(-34.8331184387207, 209.97120666503906, 69.58625030517578)",1,3.142303466796875,1,"(-52.86531448364258, -28.856765747070312, 808.1329345703125)",1,"(0.4326532483100891, 0.3369334936141968)","(-36.52705383300781, 203.7344207763672, 67.3162841796875)",1,3.71209716796875,1,"(5.9760355949401855, -25.244911193847656, 809.7429809570312)",1
8579467937,924888280643,"(0.43908408284187317, 0.31081175804138184)","(-32.977210998535156, 211.35617065429688, 70.0903549194336)",1,3.1275482177734375,1,"(-52.92909240722656, -28.880645751953125, 808.5518188476562)",1,"(0.43795108795166016, 0.32973769307136536)","(-33.602622985839844, 205.83399963378906, 68.0804443359375)",1,3.70135498046875,1,"(5.968163013458252, -25.26453399658203, 810.1480712890625)",1
8579484568,924888297274,"(0.43890416622161865, 0.3087351322174072)","(-33.07651901245117, 211.9620819091797, 70.3108901977539)",1,3.1236572265625,1,"(-52.92462921142578, -28.871490478515625, 808.3331909179688)",1,"(0.4387040436267853, 0.3287911117076874)","(-33.18701171875, 206.1102294921875, 68.18096160888672)",1,3.701324462890625,1,"(5.963456630706787, -25.261960983276367, 809.916748046875)",1
8579501433,924888314139,"(0.4393051266670227, 0.30510446429252625)","(-32.855224609375, 213.02142333984375, 70.69644165039062)",1,3.1175079345703125,1,"(-52.89619445800781, -28.84385871887207, 807.717041015625)",1,"(0.43875181674957275, 0.3366876244544983)","(-33.1606330871582, 203.80621337890625, 67.34236145019531)",1,3.72943115234375,1,"(5.9563212394714355, -25.249357223510742, 809.3109130859375)",1
8579517857,924888330564,"(0.43876633048057556, 0.3063303828239441)","(-33.15261459350586, 212.66371154785156, 70.5662612915039)",1,3.1048583984375,1,"(-52.867218017578125, -28.81611442565918, 807.0499877929688)",1,"(0.4387419521808624, 0.33628565073013306)","(-33.166072845458984, 203.92349243164062, 67.38504028320312)",1,3.724151611328125,1,"(5.955067157745361, -25.243837356567383, 808.6567993164062)",1
8579534533,924888347240,"(0.43642285466194153, 0.3135245144367218)","(-34.446266174316406, 210.5646514892578, 69.8022689819336)",1,3.1312255859375,1,"(-52.84379196166992, -28.801233291625977, 806.6466674804688)",1,"(0.4384281039237976, 0.3326258957386017)","(-33.339317321777344, 204.99131774902344, 67.77371978759766)",1,3.7082061767578125,1,"(5.951295852661133, -25.246051788330078, 808.233154296875)",1
8579551348,924888364055,"(0.4388662874698639, 0.32057756185531616)","(-33.097476959228516, 208.50674438476562, 69.0532455444336)",1,3.1450347900390625,1,"(-52.82060241699219, -28.775405883789062, 806.0341796875)",1,"(0.43961581587791443, 0.3337167799472809)","(-32.6837158203125, 204.6730194091797, 67.65786743164062)",1,3.704925537109375,1,"(5.940824508666992, -25.227313995361328, 807.6294555664062)",1
8579567777,924888380484,"(0.44118764996528625, 0.3174823224544525)","(-31.8160400390625, 209.4098358154297, 69.38194274902344)",1,3.123565673828125,1,"(-52.814022064208984, -28.762226104736328, 805.539794921875)",1,"(0.4383915662765503, 0.3326563835144043)","(-33.35948944091797, 204.982421875, 67.77045440673828)",1,3.71209716796875,1,"(5.921653747558594, -25.21756935119629, 807.1445922851562)",1
8579584403,924888397111,"(0.4413262605667114, 0.31926074624061584)","(-31.739530563354492, 208.8909454345703, 69.19306945800781)",1,3.10882568359375,1,"(-52.82167053222656, -28.7603702545166, 805.3810424804688)",1,"(0.43629536032676697, 0.3314656615257263)","(-34.516597747802734, 205.32981872558594, 67.89691162109375)",1,3.6885528564453125,1,"(5.899616718292236, -25.2242374420166, 806.9814453125)",1
8579601264,924888413972,"(0.4409101903438568, 0.3228197991847992)","(-31.96916961669922, 207.8524627685547, 68.81511688232422)",1,3.101776123046875,1,"(-52.881343841552734, -28.795692443847656, 805.4349975585938)",1,"(0.4360220730304718, 0.32244086265563965)","(-34.66745376586914, 207.9630584716797, 68.85536193847656)",1,3.67340087890625,1,"(5.8570637702941895, -25.253889083862305, 807.044921875)",1
8579617697,924888430405,"(0.46317437291145325, 0.32777920365333557)","(-19.67928123474121, 206.40545654296875, 68.2884292602539)",1,3.1039886474609375,1,"(-52.89628982543945, -28.867429733276367, 806.0040893554688)",1,"(0.464669793844223, 0.332989901304245)","(-18.853801727294922, 204.88510131835938, 67.73504638671875)",1,3.6937713623046875,1,"(5.885897159576416, -25.308988571166992, 807.6078491210938)",1
8579634369,924888447077,"(0.5133495926856995, 0.32642608880996704)","(8.01760482788086, 206.8002471923828, 68.43211364746094)",1,3.145294189453125,1,"(-52.72972106933594, -28.9156494140625, 805.6836547851562)",1,"(0.5127310752868652, 0.34327593445777893)","(7.6761555671691895, 201.88388061523438, 66.64269256591797)",1,3.677886962890625,1,"(6.0272440910339355, -25.31035804748535, 807.297607421875)",1
8579651276,924888463985,"(0.5883961915969849, 0.3188602328300476)","(49.4435920715332, 209.00779724121094, 69.235595703125)",1,3.1363525390625,1,"(-52.43743896484375, -28.936124801635742, 805.1806640625)",1,"(0.5780489444732666, 0.33193328976631165)","(43.7318115234375, 205.1934356689453, 67.84725189208984)",1,3.6482696533203125,1,"(6.243646144866943, -25.3145694732666, 806.7503051757812)",1
8579667617,924888480326,"(0.5964469313621521, 0.33384084701538086)","(53.887596130371094, 204.63681030273438, 67.64468383789062)",1,3.178863525390625,1,"(-52.36246871948242, -28.964921951293945, 805.0654296875)",1,"(0.5878206491470337, 0.3375071883201599)","(49.125892639160156, 203.5670623779297, 67.25532531738281)",1,3.6602325439453125,1,"(6.280044078826904, -25.32703971862793, 806.6358642578125)",1
8579684335,924888497044,"(0.6005488038063049, 0.33002936840057373)","(56.15184020996094, 205.74891662597656, 68.04948425292969)",1,3.1591796875,1,"(-52.373008728027344, -28.971614837646484, 804.7450561523438)",1,"(0.5887505412101746, 0.35170337557792664)","(49.63918685913086, 199.42495727539062, 65.74773406982422)",1,3.6684417724609375,1,"(6.270908832550049, -25.318777084350586, 806.3107299804688)",1
8579701192,924888513902,"(0.6009798049926758, 0.3343663513660431)","(56.3897819519043, 204.4834747314453, 67.58892822265625)",1,3.1507110595703125,1,"(-52.36324691772461, -28.972402572631836, 804.4325561523438)",1,"(0.5911728739738464, 0.3514745235443115)","(50.9763298034668, 199.49171447753906, 65.77202606201172)",1,3.6530609130859375,1,"(6.258206844329834, -25.317670822143555, 805.9876708984375)",1
8579717537,924888530247,"(0.6018717288970947, 0.32658669352531433)","(56.88210678100586, 206.75338745117188, 68.41510009765625)",1,3.1309051513671875,1,"(-52.33332061767578, -28.958547592163086, 803.8807373046875)",1,"(0.5917810797691345, 0.35074836015701294)","(51.31206512451172, 199.70359802246094, 65.84915161132812)",1,3.6219024658203125,1,"(6.25535774230957, -25.300609588623047, 805.4536743164062)",1
8579734204,924888546914,"(0.601436972618103, 0.3357580006122589)","(56.642120361328125, 204.0774383544922, 67.44113159179688)",1,3.13720703125,1,"(-52.304443359375, -28.943025588989258, 803.4933471679688)",1,"(0.5921173095703125, 0.3445916473865509)","(51.49767303466797, 201.5, 66.50298309326172)",1,3.6190032958984375,1,"(6.2569050788879395, -25.28644371032715, 805.0462036132812)",1
8579751107,924888563817,"(0.6007378697395325, 0.330800324678421)","(56.25617599487305, 205.5239715576172, 67.96764373779297)",1,3.1126708984375,1,"(-52.261810302734375, -28.909683227539062, 802.8285522460938)",1,"(0.5903120636940002, 0.35206782817840576)","(50.50112533569336, 199.31863403320312, 65.70901489257812)",1,3.6251983642578125,1,"(6.256443023681641, -25.256776809692383, 804.3805541992188)",1
8579767457,924888580168,"(0.6002581715583801, 0.33130523562431335)","(55.99143981933594, 205.3766326904297, 67.91398620605469)",1,3.107452392578125,1,"(-52.21227264404297, -28.86583137512207, 802.1522216796875)",1,"(0.5908949375152588, 0.3462071120738983)","(50.82291030883789, 201.02867126464844, 66.3313980102539)",1,3.595703125,1,"(6.262392044067383, -25.229326248168945, 803.7208251953125)",1
8579784074,924888596785,"(0.5980517864227295, 0.32745471596717834)","(54.773529052734375, 206.5001220703125, 68.3228988647461)",1,3.10064697265625,1,"(-52.19478988647461, -28.844913482666016, 801.779052734375)",1,"(0.5886322259902954, 0.34469789266586304)","(49.57386016845703, 201.468994140625, 66.49170684814453)",1,3.594207763671875,1,"(6.2563276290893555, -25.21677017211914, 803.3289794921875)",1
8579801022,924888613733,"(0.530296802520752, 0.3673752248287201)","(17.372480392456055, 194.85226440429688, 64.08346557617188)",1,3.1050262451171875,1,"(-52.3514404296875, -28.838987350463867, 801.1541137695312)",1,"(0.5363522171974182, 0.38063058257102966)","(20.715099334716797, 190.98468017578125, 62.675777435302734)",1,3.599273681640625,1,"(6.058803558349609, -25.220869064331055, 802.7236938476562)",1
8579817373,924888630084,"(0.40593138337135315, 0.39743906259536743)","(-51.27760314941406, 186.08035278320312, 60.89069747924805)",1,3.05401611328125,1,"(-52.84864044189453, -28.92804718017578, 801.7006225585938)",1,"(0.41908690333366394, 0.41608208417892456)","(-44.0157356262207, 180.6407470703125, 58.91084671020508)",1,3.59375,1,"(5.596264839172363, -25.307828903198242, 803.3001098632812)",1
8579834040,924888646752,"(0.3658146560192108, 0.42215901613235474)","(-73.42216491699219, 178.86766052246094, 58.26548385620117)",1,3.02069091796875,1,"(-53.00877380371094, -28.929698944091797, 801.57421875)",1,"(0.3772023320198059, 0.42438527941703796)","(-67.13615417480469, 178.21810913085938, 58.02906036376953)",1,3.6377105712890625,1,"(5.389050006866455, -25.34307861328125, 803.1767578125)",1
8579850841,924888663553,"(0.36587148904800415, 0.4202337861061096)","(-73.39079284667969, 179.4293670654297, 58.469947814941406)",1,3.03216552734375,1,"(-53.10157012939453, -28.945606231689453, 801.9913330078125)",1,"(0.3693825900554657, 0.44067785143852234)","(-71.45266723632812, 173.46432495117188, 56.29883575439453)",1,3.6515045166015625,1,"(5.317894458770752, -25.348031997680664, 803.6119384765625)",1
8579867297,924888680009,"(0.36108893156051636, 0.43466177582740784)","(-76.03081512451172, 175.21966552734375, 56.937740325927734)",1,3.029083251953125,1,"(-53.11567306518555, -28.93490219116211, 801.802001953125)",1,"(0.35492491722106934, 0.43765896558761597)","(-79.4333724975586, 174.34515380859375, 56.61940002441406)",1,3.6385345458984375,1,"(5.299432277679443, -25.345882415771484, 803.432861328125)",1
8579884006,924888696719,"(0.36416783928871155, 0.43152904510498047)","(-74.33123779296875, 176.13369750976562, 57.270423889160156)",1,3.0242767333984375,1,"(-53.14400863647461, -28.947805404663086, 801.86083984375)",1,"(0.35870999097824097, 0.43022242188453674)","(-77.34400177001953, 176.51495361328125, 57.40914535522461)",1,3.619964599609375,1,"(5.283605098724365, -25.348669052124023, 803.4926147460938)",1
8579900757,924888713470,"(0.3638352155685425, 0.43505722284317017)","(-74.51484680175781, 175.10427856445312, 56.895755767822266)",1,3.03289794921875,1,"(-53.19915008544922, -28.97746467590332, 802.1893310546875)",1,"(0.36020880937576294, 0.4241820275783539)","(-76.51665496826172, 178.2773895263672, 58.05066680908203)",1,3.619171142578125,1,"(5.2556586265563965, -25.381736755371094, 803.826171875)",1
8579917217,924888729930,"(0.3620038330554962, 0.42616909742355347)","(-75.52578735351562, 177.69761657714844, 57.83963394165039)",1,3.01495361328125,1,"(-53.264957427978516, -29.025747299194336, 802.6500854492188)",1,"(0.360636830329895, 0.4171168804168701)","(-76.28033447265625, 180.3388214111328, 58.80098342895508)",1,3.6227264404296875,1,"(5.232749938964844, -25.424407958984375, 804.282470703125)",1
8579933972,924888746685,"(0.365449458360672, 0.43577539920806885)","(-73.623779296875, 174.89471435546875, 56.819496154785156)",1,3.0433807373046875,1,"(-53.292213439941406, -29.045211791992188, 802.8401489257812)",1,"(0.36057963967323303, 0.41433224081993103)","(-76.31193542480469, 181.1513214111328, 59.09671401977539)",1,3.6389923095703125,1,"(5.22029447555542, -25.448543548583984, 804.4807739257812)",1
8579950672,924888763386,"(0.3620935380458832, 0.43258294463157654)","(-75.47626495361328, 175.8262176513672, 57.158470153808594)",1,3.035797119140625,1,"(-53.325138092041016, -29.070650100708008, 803.0341796875)",1,"(0.3598293364048004, 0.41551464796066284)","(-76.72608184814453, 180.80633544921875, 58.97111129760742)",1,3.6273040771484375,1,"(5.208949089050293, -25.462793350219727, 804.677734375)",1
8579967137,924888779851,"(0.35882872343063354, 0.42422008514404297)","(-77.27843475341797, 178.26626586914062, 58.046634674072266)",1,3.013214111328125,1,"(-53.34622573852539, -29.097537994384766, 803.1212158203125)",1,"(0.35878702998161316, 0.41513383388519287)","(-77.30146789550781, 180.9174346923828, 59.01154708862305)",1,3.621124267578125,1,"(5.196713924407959, -25.482078552246094, 804.7620239257812)",1
8579983938,924888796652,"(0.36298054456710815, 0.42391103506088257)","(-74.98662567138672, 178.35646057128906, 58.07945251464844)",1,3.045257568359375,1,"(-53.36116027832031, -29.119077682495117, 803.2033081054688)",1,"(0.3544183075428009, 0.4179416000843048)","(-79.71302795410156, 180.09820556640625, 58.71336364746094)",1,3.6266021728515625,1,"(5.194947719573975, -25.48668670654297, 804.8483276367188)",1
8580000587,924888813301,"(0.359695702791214, 0.42161840200424194)","(-76.79988861083984, 179.02542114257812, 58.32289505004883)",1,3.0333709716796875,1,"(-53.38863754272461, -29.131532669067383, 803.3677368164062)",1,"(0.3578442335128784, 0.4301474690437317)","(-77.82189178466797, 176.53680419921875, 57.417110443115234)",1,3.6544952392578125,1,"(5.180239677429199, -25.490966796875, 805.0117797851562)",1
8580017057,924888829772,"(0.3593117296695709, 0.42178308963775635)","(-77.01183319091797, 178.97735595703125, 58.3054084777832)",1,3.0452423095703125,1,"(-53.42404556274414, -29.149883270263672, 803.5830688476562)",1,"(0.356319397687912, 0.4381600618362427)","(-78.66358947753906, 174.19891357421875, 56.56620788574219)",1,3.660369873046875,1,"(5.166442394256592, -25.493215560913086, 805.2244262695312)",1
8580033808,924888846523,"(0.36115309596061707, 0.41928237676620483)","(-75.99537658691406, 179.70700073242188, 58.570945739746094)",1,3.04541015625,1,"(-53.454036712646484, -29.163663864135742, 803.7681884765625)",1,"(0.3561241030693054, 0.44320496916770935)","(-78.77141571044922, 172.7269744873047, 56.03047180175781)",1,3.6747894287109375,1,"(5.144167423248291, -25.490234375, 805.4208374023438)",1
8580050502,924888863217,"(0.3575786352157593, 0.41677427291870117)","(-77.96852111816406, 180.43882751464844, 58.83728790283203)",1,3.0601806640625,1,"(-53.47669219970703, -29.16569709777832, 804.0756225585938)",1,"(0.3589441180229187, 0.4443853795528412)","(-77.2147445678711, 172.38253784179688, 55.905094146728516)",1,3.6677093505859375,1,"(5.143478870391846, -25.493106842041016, 805.7212524414062)",1
8580066977,924888879693,"(0.42982420325279236, 0.4127136468887329)","(-38.08869171142578, 181.62359619140625, 59.268592834472656)",1,3.0641326904296875,1,"(-53.30628204345703, -29.18485450744629, 804.708984375)",1,"(0.43449196219444275, 0.44411689043045044)","(-35.51205825805664, 172.4608612060547, 55.933631896972656)",1,3.6621856689453125,1,"(5.348193645477295, -25.498762130737305, 806.3215942382812)",1
8580083774,924888896490,"(0.4763820171356201, 0.4235735237598419)","(-12.388615608215332, 178.45494079589844, 58.115299224853516)",1,3.116119384765625,1,"(-53.143436431884766, -29.18080711364746, 804.899658203125)",1,"(0.475827693939209, 0.4406525492668152)","(-12.694608688354492, 173.47166442871094, 56.301536560058594)",1,3.6629486083984375,1,"(5.502448081970215, -25.50684928894043, 806.5100708007812)",1
8580100514,924888913230,"(0.48645544052124023, 0.43103811144828796)","(-6.828069686889648, 176.27694702148438, 57.32252502441406)",1,3.1356964111328125,1,"(-52.987483978271484, -29.151626586914062, 804.1895141601562)",1,"(0.48248958587646484, 0.4395028054714203)","(-9.017226219177246, 173.80714416503906, 56.423614501953125)",1,3.641632080078125,1,"(5.57212495803833, -25.47499656677246, 805.8098754882812)",1
8580116897,924888929613,"(0.48983708024024963, 0.4328308403491974)","(-4.9613728523254395, 175.75387573242188, 57.13216018676758)",1,3.127532958984375,1,"(-53.006019592285156, -29.152034759521484, 804.41650390625)",1,"(0.48885923624038696, 0.4367876350879669)","(-5.501169681549072, 174.59938049316406, 56.71200180053711)",1,3.6540985107421875,1,"(5.585960388183594, -25.473724365234375, 806.01953125)",1
8580133643,924888946360,"(0.4891301989555359, 0.4346705377101898)","(-5.3516011238098145, 175.2171173095703, 56.93679428100586)",1,3.10882568359375,1,"(-53.00490951538086, -29.141786575317383, 804.4959106445312)",1,"(0.48885419964790344, 0.4458634555339813)","(-5.503957271575928, 171.9512481689453, 55.7481689453125)",1,3.69281005859375,1,"(5.5971832275390625, -25.468379974365234, 806.1048583984375)",1
8580150430,924888963147,"(0.4920165240764618, 0.4411921203136444)","(-3.7583329677581787, 173.3142547607422, 56.244232177734375)",1,3.1369781494140625,1,"(-52.997108459472656, -29.14090347290039, 804.5845947265625)",1,"(0.4860019385814667, 0.4392703175544739)","(-7.078404426574707, 173.875, 56.44828414916992)",1,3.6680145263671875,1,"(5.620870113372803, -25.480472564697266, 806.1945190429688)",1
8580166817,924888979534,"(0.49523797631263733, 0.4291628301143646)","(-1.9800643920898438, 176.8240966796875, 57.521728515625)",1,3.1091156005859375,1,"(-52.9882926940918, -29.151220321655273, 804.8160400390625)",1,"(0.48962733149528503, 0.4388718903064728)","(-5.077159881591797, 173.99122619628906, 56.490684509277344)",1,3.650482177734375,1,"(5.647184371948242, -25.495759963989258, 806.4182739257812)",1
8580183512,924888996229,"(0.4909636676311493, 0.4314287006855011)","(-4.339513778686523, 176.16299438476562, 57.28108596801758)",1,3.1062469482421875,1,"(-52.97837448120117, -29.151391983032227, 804.9581298828125)",1,"(0.4907400906085968, 0.4347054660320282)","(-4.462921142578125, 175.20684814453125, 56.93315505981445)",1,3.6619720458984375,1,"(5.670581340789795, -25.505754470825195, 806.5694580078125)",1
8580200346,924889013064,"(0.4924074709415436, 0.43152377009391785)","(-3.5425057411193848, 176.13525390625, 57.27096939086914)",1,3.116973876953125,1,"(-52.9688606262207, -29.162681579589844, 805.2108764648438)",1,"(0.4899972975254059, 0.4416925311088562)","(-4.872926712036133, 173.168212890625, 56.19108200073242)",1,3.6649322509765625,1,"(5.711183547973633, -25.51932144165039, 806.8170166015625)",1
8580216737,924889029455,"(0.49506089091300964, 0.4224705696105957)","(-2.0778236389160156, 178.77676391601562, 58.23237609863281)",1,3.0961151123046875,1,"(-52.956993103027344, -29.180587768554688, 805.3801879882812)",1,"(0.489381343126297, 0.43577757477760315)","(-5.212949275970459, 174.8940887451172, 56.81925964355469)",1,3.653289794921875,1,"(5.7414422035217285, -25.542617797851562, 806.98046875)",1
8580233478,924889046196,"(0.49571484327316284, 0.44035840034484863)","(-1.7168667316436768, 173.5575408935547, 56.33274459838867)",1,3.1516571044921875,1,"(-52.95276641845703, -29.190534591674805, 805.4065551757812)",1,"(0.49143439531326294, 0.42867645621299744)","(-4.07968282699585, 176.9660186767578, 57.5733757019043)",1,3.6555328369140625,1,"(5.755056381225586, -25.5533504486084, 807.0093383789062)",1
8580250358,924889063077,"(0.49405980110168457, 0.4359900951385498)","(-2.6304099559783936, 174.8320770263672, 56.79664611816406)",1,3.1334686279296875,1,"(-52.93007278442383, -29.187862396240234, 805.243896484375)",1,"(0.4880279004573822, 0.440339595079422)","(-5.960075378417969, 173.56301879882812, 56.33475875854492)",1,3.6854248046875,1,"(5.770657062530518, -25.555612564086914, 806.8380126953125)",1
8580266657,924889079376,"(0.4961363971233368, 0.4450066387653351)","(-1.4841500520706177, 172.2012481689453, 55.839149475097656)",1,3.16021728515625,1,"(-52.892799377441406, -29.18706512451172, 804.770751953125)",1,"(0.48739761114120483, 0.4425024390220642)","(-6.307984828948975, 172.93194580078125, 56.10508346557617)",1,3.6782379150390625,1,"(5.770009517669678, -25.543649673461914, 806.3882446289062)",1
8580283444,924889096163,"(0.49643656611442566, 0.4361727237701416)","(-1.3184789419174194, 174.77879333496094, 56.77729797363281)",1,3.1396484375,1,"(-52.87184524536133, -29.19064712524414, 804.444580078125)",1,"(0.490216463804245, 0.4461062550544739)","(-4.751953125, 171.88040161132812, 55.722354888916016)",1,3.6564483642578125,1,"(5.7677226066589355, -25.534687042236328, 806.037109375)",1
8580300176,924889112895,"(0.4967963397502899, 0.43855807185173035)","(-1.1198276281356812, 174.082763671875, 56.52394104003906)",1,3.1273345947265625,1,"(-52.8400764465332, -29.174436569213867, 803.931396484375)",1,"(0.48849719762802124, 0.4436815679073334)","(-5.700995445251465, 172.587890625, 55.97985076904297)",1,3.6457672119140625,1,"(5.758325099945068, -25.518943786621094, 805.5274658203125)",1
8580316577,924889129297,"(0.46461305022239685, 0.4553949534893036)","(-18.8851375579834, 169.17019653320312, 54.73590850830078)",1,3.0976715087890625,1,"(-52.88372802734375, -29.18583869934082, 803.3970336914062)",1,"(0.4629640281200409, 0.46131810545921326)","(-19.79541015625, 167.44195556640625, 54.106910705566406)",1,3.6401214599609375,1,"(5.687007427215576, -25.53596305847168, 805.0086059570312)",1
8580333313,924889146033,"(0.416366845369339, 0.5024625658988953)","(-45.51717758178711, 155.4369659423828, 49.737430572509766)",1,3.0791473388671875,1,"(-53.029815673828125, -29.209802627563477, 803.3411865234375)",1,"(0.41990411281585693, 0.530053436756134)","(-43.56461715698242, 147.38661193847656, 46.807334899902344)",1,3.67181396484375,1,"(5.5197434425354, -25.5684871673584, 804.9608154296875)",1
8580350091,924889162811,"(0.3604215681552887, 0.504571795463562)","(-76.399169921875, 154.82156372070312, 49.513427734375)",1,3.012664794921875,1,"(-53.20841598510742, -29.267179489135742, 803.4327392578125)",1,"(0.36922550201416016, 0.5455034375190735)","(-71.53937530517578, 142.87864685058594, 45.16655349731445)",1,3.6649169921875,1,"(5.313709259033203, -25.627599716186523, 805.0504150390625)",1
8580366497,924889179217,"(0.36372682452201843, 0.5078900456428528)","(-74.57464599609375, 153.85340881347656, 49.160980224609375)",1,3.0121612548828125,1,"(-53.152706146240234, -29.214651107788086, 802.7645874023438)",1,"(0.367624431848526, 0.554390549659729)","(-72.42318725585938, 140.28562927246094, 44.2227668762207)",1,3.6747283935546875,1,"(5.340305328369141, -25.591690063476562, 804.3831176757812)",1
8580383279,924889196000,"(0.36315667629241943, 0.5126763582229614)","(-74.8893814086914, 152.4568634033203, 48.6526985168457)",1,3.0295257568359375,1,"(-53.152671813964844, -29.215139389038086, 802.8712768554688)",1,"(0.36155563592910767, 0.5612333416938782)","(-75.77318572998047, 138.2890625, 43.496055603027344)",1,3.6767120361328125,1,"(5.369262218475342, -25.584707260131836, 804.498046875)",1
8580400007,924889212728,"(0.36275243759155273, 0.513740599155426)","(-75.112548828125, 152.14634704589844, 48.5396842956543)",1,3.035430908203125,1,"(-53.140933990478516, -29.202775955200195, 802.9188842773438)",1,"(0.36229655146598816, 0.5642192959785461)","(-75.36418914794922, 137.41783142089844, 43.17897415161133)",1,3.67364501953125,1,"(5.401157379150391, -25.576377868652344, 804.5462036132812)",1
8580416417,924889229138,"(0.36574018001556396, 0.5063538551330566)","(-73.46329498291016, 154.30160522460938, 49.32417297363281)",1,3.0015716552734375,1,"(-53.15087890625, -29.21272850036621, 803.0101928710938)",1,"(0.36250248551368713, 0.5616971254348755)","(-75.25051879882812, 138.15374755859375, 43.44682693481445)",1,3.668792724609375,1,"(5.410147666931152, -25.58009147644043, 804.6345825195312)",1
8580433245,924889245967,"(nan, nan)","(nan, nan, nan)",0,nan,0,"(nan, nan, nan)",0,"(0.36245471239089966, 0.5599899888038635)","(-75.27686309814453, 138.65182495117188, 43.62809753417969)",1,3.6595458984375,1,"(5.400370121002197, -25.592687606811523, 804.6956176757812)",1
8580449923,924889262645,"(0.3647426664829254, 0.5240621566772461)","(-74.0139389038086, 149.1347198486328, 47.443607330322266)",1,2.9803924560546875,1,"(-53.193328857421875, -29.25218391418457, 803.05615234375)",1,"(0.3614162802696228, 0.5603464841842651)","(-75.85009765625, 138.5478515625, 43.590267181396484)",1,3.6707763671875,1,"(5.380825519561768, -25.61244773864746, 804.6748657226562)",1
8580466337,924889279059,"(0.3634410798549652, 0.5224803686141968)","(-74.7323989868164, 149.5962371826172, 47.611602783203125)",1,3.010467529296875,1,"(-53.190059661865234, -29.261301040649414, 802.6859130859375)",1,"(0.36889660358428955, 0.5392996072769165)","(-71.72093200683594, 144.68881225585938, 45.825401306152344)",1,3.622802734375,1,"(5.345396518707275, -25.638103485107422, 804.3200073242188)",1
8580483115,924889295837,"(0.3641941249370575, 0.5231472849845886)","(-74.31671142578125, 149.40167236328125, 47.54075622558594)",1,3.0305633544921875,1,"(-53.20787048339844, -29.29278564453125, 802.6220703125)",1,"(0.36739373207092285, 0.5410106778144836)","(-72.55052947998047, 144.18955993652344, 45.643714904785156)",1,3.64373779296875,1,"(5.337709426879883, -25.659360885620117, 804.250732421875)",1
8580499838,924889312561,"(0.36932671070098877, 0.526633083820343)","(-71.48351287841797, 148.3845977783203, 47.170562744140625)",1,3.0279083251953125,1,"(-53.20582962036133, -29.312698364257812, 802.5536499023438)",1,"(0.3719043731689453, 0.5406185388565063)","(-70.06062316894531, 144.30398559570312, 45.68532180786133)",1,3.6156158447265625,1,"(5.345402717590332, -25.671619415283203, 804.1822509765625)",1
8580516257,924889328980,"(0.4197838008403778, 0.5197092890739441)","(-43.63103103637695, 150.40481567382812, 47.90580368041992)",1,3.024658203125,1,"(-53.03805923461914, -29.34223175048828, 802.7713623046875)",1,"(0.42251691222190857, 0.5451127886772156)","(-42.12234878540039, 142.99269104003906, 45.20802688598633)",1,3.6268157958984375,1,"(5.499126434326172, -25.697193145751953, 804.353759765625)",1
8580533081,924889345804,"(0.43091854453086853, 0.5302714705467224)","(-37.484615325927734, 147.32302856445312, 46.78414535522461)",1,3.074371337890625,1,"(-52.989471435546875, -29.354387283325195, 803.247802734375)",1,"(0.4228597581386566, 0.5455346703529358)","(-41.93309020996094, 142.8695831298828, 45.16326141357422)",1,3.6478271484375,1,"(5.577442646026611, -25.71584701538086, 804.8713989257812)",1
8580549753,924889362476,"(0.41614067554473877, 0.5199207067489624)","(-45.642024993896484, 150.34310913085938, 47.88339614868164)",1,3.0530548095703125,1,"(-52.967872619628906, -29.34493637084961, 803.25439453125)",1,"(0.41552281379699707, 0.5511387586593628)","(-45.98308563232422, 141.23440551757812, 44.568172454833984)",1,3.650482177734375,1,"(5.607830047607422, -25.708736419677734, 804.8719482421875)",1
8580566177,924889378901,"(0.3637234568595886, 0.5454695224761963)","(-74.57652282714844, 142.88856506347656, 45.17018508911133)",1,3.046630859375,1,"(-53.04173278808594, -29.341421127319336, 802.7515869140625)",1,"(0.37595412135124207, 0.5696724653244019)","(-67.8251724243164, 135.8267364501953, 42.59987258911133)",1,3.6540679931640625,1,"(5.483866214752197, -25.72578239440918, 804.3923950195312)",1
8580582951,924889395675,"(nan, nan)","(nan, nan, nan)",0,nan,0,"(nan, nan, nan)",0,"(0.3518626391887665, 0.5939838290214539)","(-81.12374877929688, 128.73324584960938, 40.018043518066406)",1,3.657806396484375,1,"(5.411083221435547, -25.717510223388672, 804.1073608398438)",1
8580599668,924889412392,"(0.3481546938419342, 0.5703200697898865)","(-83.17057800292969, 135.6377716064453, 42.53117370605469)",1,2.9874420166015625,1,"(-53.08397674560547, -29.30902862548828, 802.918212890625)",1,"(0.35853180289268494, 0.593451201915741)","(-77.44233703613281, 128.88864135742188, 40.07465744018555)",1,3.6745147705078125,1,"(5.432592868804932, -25.71958351135254, 804.4239501953125)",1
8580616097,924889428822,"(0.34651729464530945, 0.5721396207809448)","(-84.07443237304688, 135.10687255859375, 42.337886810302734)",1,3.066680908203125,1,"(-53.07180404663086, -29.292133331298828, 803.2817993164062)",1,"(0.35269302129745483, 0.5823172926902771)","(-80.66535949707031, 132.1372833251953, 41.25703048706055)",1,3.662139892578125,1,"(5.475807189941406, -25.72349739074707, 804.8875122070312)",1
8580632917,924889445642,"(nan, nan)","(nan, nan, nan)",0,nan,0,"(nan, nan, nan)",0,"(0.35454338788986206, 0.5779516696929932)","(-79.64396667480469, 133.41104125976562, 41.720645904541016)",1,3.651397705078125,1,"(5.504550933837891, -25.70940399169922, 805.03466796875)",1
8580649584,924889462309,"(0.35194435715675354, 0.5671774744987488)","(-81.0786361694336, 136.5547332763672, 42.864830017089844)",1,3.0026702880859375,1,"(-53.040809631347656, -29.257259368896484, 803.5294189453125)",1,"(0.351436048746109, 0.575378954410553)","(-81.3592300415039, 134.16171264648438, 41.99386978149414)",1,3.6241912841796875,1,"(5.5482025146484375, -25.68800926208496, 805.124755859375)",1
8580666017,924889478742,"(0.35086363554000854, 0.56333988904953)","(-81.67520141601562, 137.67442321777344, 43.27240753173828)",1,3.0010833740234375,1,"(-53.03207778930664, -29.24860382080078, 803.7994384765625)",1,"(0.35008543729782104, 0.597131073474884)","(-82.10476684570312, 127.81494903564453, 39.683841705322266)",1,3.6450042724609375,1,"(5.589151382446289, -25.670551300048828, 805.4049682617188)",1
8580682785,924889495511,"(nan, nan)","(nan, nan, nan)",0,nan,0,"(nan, nan, nan)",0,"(0.34739309549331665, 0.5998032689094543)","(-83.59095001220703, 127.0352554321289, 39.40005111694336)",1,3.65576171875,1,"(5.607551097869873, -25.66071891784668, 805.531005859375)",1
8580699500,924889512226,"(0.3480432331562042, 0.5623695254325867)","(-83.23208618164062, 137.95758056640625, 43.37541580200195)",1,2.9908599853515625,1,"(-52.99076843261719, -29.245100021362305, 803.8990478515625)",1,"(0.3501998484134674, 0.5978652238845825)","(-82.0416030883789, 127.60075378417969, 39.60584259033203)",1,3.6539459228515625,1,"(5.631350040435791, -25.664531707763672, 805.5143432617188)",1
8580715937,924889528663,"(0.41319194436073303, 0.5544650554656982)","(-47.269775390625, 140.26390075683594, 44.214881896972656)",1,3.05108642578125,1,"(-52.80990219116211, -29.265892028808594, 803.8965454101562)",1,"(0.41182005405426025, 0.5958685278892517)","(-48.02703857421875, 128.18331909179688, 39.81794738769531)",1,3.6723785400390625,1,"(5.824555397033691, -25.670114517211914, 805.4686279296875)",1
8580732655,924889545381,"(0.47595253586769104, 0.5585466623306274)","(-12.62570858001709, 139.0729522705078, 43.78142547607422)",1,3.1371002197265625,1,"(-52.58353805541992, -29.251068115234375, 803.6190795898438)",1,"(0.48086169362068176, 0.5745486617088318)","(-9.915823936462402, 134.40396118164062, 42.08205032348633)",1,3.5930328369140625,1,"(6.041079044342041, -25.63539695739746, 805.18017578125)",1
8580749512,924889562239,"(0.5345378518104553, 0.5542935132980347)","(19.713598251342773, 140.3139190673828, 44.23311233520508)",1,3.152862548828125,1,"(-52.23411178588867, -29.185670852661133, 802.5692749023438)",1,"(0.5328329801559448, 0.5668577551841736)","(18.772493362426758, 136.64801025390625, 42.89875030517578)",1,3.5955810546875,1,"(6.258108615875244, -25.59589385986328, 804.1254272460938)",1
8580765857,924889578584,"(0.5283131003379822, 0.5554315447807312)","(16.27753448486328, 139.9818878173828, 44.112220764160156)",1,3.1558990478515625,1,"(-52.21676254272461, -29.202911376953125, 802.7210083007812)",1,"(0.5302686095237732, 0.5731998085975647)","(17.35698127746582, 134.79751586914062, 42.225284576416016)",1,3.6145172119140625,1,"(6.277510643005371, -25.61345100402832, 804.2739868164062)",1
8580782621,924889595348,"(0.5361877083778381, 0.5549188852310181)","(20.624330520629883, 140.13148498535156, 44.166664123535156)",1,3.15362548828125,1,"(-52.241268157958984, -29.213171005249023, 802.8978881835938)",1,"(0.5329422950744629, 0.5708379745483398)","(18.83281135559082, 135.48670959472656, 42.47610855102539)",1,3.621185302734375,1,"(6.281851291656494, -25.637451171875, 804.4586181640625)",1
8580799426,924889612154,"(0.5356650948524475, 0.5557993054389954)","(20.33582878112793, 139.87460327148438, 44.07319259643555)",1,3.1515655517578125,1,"(-52.28585433959961, -29.234888076782227, 803.5214233398438)",1,"(0.5328619480133057, 0.563266396522522)","(18.78849220275879, 137.6958770751953, 43.28020477294922)",1,3.616119384765625,1,"(6.292761325836182, -25.6590576171875, 805.0886840820312)",1
8580815773,924889628501,"(0.5343143939971924, 0.5590060353279114)","(19.59023666381836, 138.93893432617188, 43.732666015625)",1,3.16705322265625,1,"(-52.33596420288086, -29.25594711303711, 804.0296020507812)",1,"(0.534965455532074, 0.5684041976928711)","(19.94961166381836, 136.19677734375, 42.734580993652344)",1,3.6135711669921875,1,"(6.291792869567871, -25.67058563232422, 805.5867309570312)",1
8580832587,924889645315,"(0.5350351929664612, 0.5580803155899048)","(19.98811149597168, 139.20904541015625, 43.830963134765625)",1,3.171600341796875,1,"(-52.365455627441406, -29.262712478637695, 804.2081909179688)",1,"(0.541064441204071, 0.5762258172035217)","(23.316301345825195, 133.91465759277344, 41.90391540527344)",1,3.6607666015625,1,"(6.279939651489258, -25.68421745300293, 805.7725219726562)",1
8580849342,924889662070,"(0.5320292115211487, 0.5645551085472107)","(18.328845977783203, 137.31983947753906, 43.14335632324219)",1,3.1823883056640625,1,"(-52.38683319091797, -29.27241325378418, 804.2593994140625)",1,"(0.539209246635437, 0.5698634386062622)","(22.292203903198242, 135.77101135253906, 42.57956314086914)",1,3.633148193359375,1,"(6.255892753601074, -25.698455810546875, 805.8231811523438)",1
8580865693,924889678422,"(0.5337114930152893, 0.5685802698135376)","(19.2574462890625, 136.14540100097656, 42.715858459472656)",1,3.171722412109375,1,"(-52.4144172668457, -29.26155662536621, 804.0065307617188)",1,"(0.5418078899383545, 0.5724022388458252)","(23.726640701293945, 135.03025817871094, 42.30998229980469)",1,3.6160888671875,1,"(6.215631008148193, -25.679706573486328, 805.5789794921875)",1
8580882456,924889695185,"(0.5300345420837402, 0.5575270652770996)","(17.227739334106445, 139.37045288085938, 43.88969421386719)",1,3.1546783447265625,1,"(-52.41537094116211, -29.257442474365234, 803.8267211914062)",1,"(0.5395728349685669, 0.5615025758743286)","(22.49294662475586, 138.2105255126953, 43.46750259399414)",1,3.60015869140625,1,"(6.194124698638916, -25.670455932617188, 805.3975830078125)",1
8580899354,924889712083,"(0.5384513735771179, 0.5656011700630188)","(21.87388801574707, 137.01461791992188, 43.03224563598633)",1,3.1620025634765625,1,"(-52.45128631591797, -29.249711990356445, 803.4862670898438)",1,"(0.5448801517486572, 0.5758345723152161)","(25.422574996948242, 134.0287628173828, 41.945465087890625)",1,3.6441497802734375,1,"(6.155331134796143, -25.65931510925293, 805.0608520507812)",1
8580915613,924889728342,"(0.5320760011672974, 0.5633764266967773)","(18.35464096069336, 137.66378784179688, 43.26850128173828)",1,3.1702117919921875,1,"(-52.45999526977539, -29.24056053161621, 803.329345703125)",1,"(0.5422550439834595, 0.5745497941970825)","(23.973493576049805, 134.4036865234375, 42.081878662109375)",1,3.637176513671875,1,"(6.1348042488098145, -25.647197723388672, 804.9098510742188)",1
8580932326,924889745056,"(0.5364885926246643, 0.5561589002609253)","(20.79039764404297, 139.7696533203125, 44.03498077392578)",1,3.16119384765625,1,"(-52.49335479736328, -29.240690231323242, 803.4444580078125)",1,"(0.5390588641166687, 0.5723488330841064)","(22.20916748046875, 135.0458526611328, 42.31564712524414)",1,3.624969482421875,1,"(6.121062755584717, -25.629947662353516, 805.02392578125)",1
8580949269,924889761999,"(0.5291798710823059, 0.5478212833404541)","(16.75596046447754, 142.202392578125, 44.92041778564453)",1,3.1497344970703125,1,"(-52.53801727294922, -29.24582862854004, 803.8150024414062)",1,"(0.5434518456459045, 0.5847234129905701)","(24.6341552734375, 131.4352569580078, 41.001495361328125)",1,3.65185546875,1,"(6.106449604034424, -25.632286071777344, 805.3998413085938)",1
8580965533,924889778263,"(0.5352610945701599, 0.5506436824798584)","(20.112815856933594, 141.37889099121094, 44.62068176269531)",1,3.14349365234375,1,"(-52.59221649169922, -29.262056350708008, 804.26806640625)",1,"(0.5428858995437622, 0.5847824811935425)","(24.32175064086914, 131.41798400878906, 40.99523162841797)",1,3.654083251953125,1,"(6.0978007316589355, -25.648653030395508, 805.8414916992188)",1
8580982292,924889795023,"(0.5323577523231506, 0.5763269066810608)","(18.510147094726562, 133.8851318359375, 41.893192291259766)",1,3.1815948486328125,1,"(-52.6422004699707, -29.267412185668945, 804.389404296875)",1,"(0.5383520126342773, 0.5798318386077881)","(21.819015502929688, 132.86248779296875, 41.52096176147461)",1,3.6503448486328125,1,"(6.063931941986084, -25.693571090698242, 805.9710083007812)",1
8580999089,924889811820,"(0.44234129786491394, 0.6471798419952393)","(-31.17922019958496, 113.21189880371094, 34.368751525878906)",1,3.1617279052734375,1,"(-52.84266662597656, -29.361724853515625, 803.993408203125)",1,"(0.46258223056793213, 0.6326643824577332)","(-20.006153106689453, 117.44720458984375, 35.910255432128906)",1,3.6273956298828125,1,"(5.8156890869140625, -25.792776107788086, 805.58984375)",1
8581015453,924889828184,"(0.37736696004867554, 0.6594022512435913)","(-67.0452651977539, 109.64572143554688, 33.07075119018555)",1,3.1199798583984375,1,"(-53.13357925415039, -29.472734451293945, 804.0963134765625)",1,"(0.38705697655677795, 0.6905168294906616)","(-61.696353912353516, 100.56720733642578, 29.76647186279297)",1,3.6454315185546875,1,"(5.489338397979736, -25.881397247314453, 805.7094116210938)",1
8581032258,924889844989,"(nan, nan)","(nan, nan, nan)",0,nan,0,"(nan, nan, nan)",0,"(0.3834008574485779, 0.6839732527732849)","(-63.71455001831055, 102.4764404296875, 30.46137809753418)",1,3.653564453125,1,"(5.436614036560059, -25.904706954956055, 805.0659790039062)",1
8581049003,924889861735,"(0.36663633584976196, 0.6668011546134949)","(-72.96861267089844, 107.4868392944336, 32.285057067871094)",1,3.01727294921875,1,"(-53.10829162597656, -29.450950622558594, 802.7853393554688)",1,"(0.37492215633392334, 0.6852900981903076)","(-68.39482116699219, 102.09223175048828, 30.321521759033203)",1,3.6363372802734375,1,"(5.453596115112305, -25.910139083862305, 804.3270263671875)",1
8581065377,924889878109,"(0.36980026960372925, 0.6669103503227234)","(-71.22212982177734, 107.45501708984375, 32.27344512939453)",1,3.02313232421875,1,"(-53.112060546875, -29.469406127929688, 802.58056640625)",1,"(0.3755519986152649, 0.678823709487915)","(-68.04712677001953, 103.9789810180664, 31.008230209350586)",1,3.6445159912109375,1,"(5.4614739418029785, -25.951454162597656, 804.21240234375)",1
8581082224,924889894956,"(nan, nan)","(nan, nan, nan)",0,nan,0,"(nan, nan, nan)",0,"(0.3720570206642151, 0.6805457472801208)","(-69.97637176513672, 103.47653198242188, 30.825328826904297)",1,3.64483642578125,1,"(5.47200345993042, -25.972795486450195, 803.9962768554688)",1
8581098919,924889911651,"(0.3640279173851013, 0.6693583726882935)","(-74.4084701538086, 106.74073028564453, 32.013465881347656)",1,3.0108642578125,1,"(-53.093528747558594, -29.484210968017578, 802.088623046875)",1,"(0.3701561987400055, 0.6814666986465454)","(-71.02565002441406, 103.20781707763672, 30.727540969848633)",1,3.644805908203125,1,"(5.480631351470947, -25.990497589111328, 803.7139892578125)",1
8581115297,924889928030,"(0.3664950132369995, 0.6695982813835144)","(-73.046630859375, 106.6707534790039, 31.987932205200195)",1,3.055267333984375,1,"(-53.084896087646484, -29.47122573852539, 801.7659912109375)",1,"(0.3733503222465515, 0.6853687167167664)","(-69.26248168945312, 102.06930541992188, 30.313167572021484)",1,3.6392822265625,1,"(5.476693153381348, -25.98158073425293, 803.3938598632812)",1
8581132094,924889944827,"(nan, nan)","(nan, nan, nan)",0,nan,0,"(nan, nan, nan)",0,"(0.3716275990009308, 0.6894585490226746)","(-70.21341705322266, 100.87598419189453, 29.878849029541016)",1,3.647003173828125,1,"(5.474916934967041, -25.980117797851562, 803.347412109375)",1
8581148834,924889961567,"(0.3648686707019806, 0.6695038080215454)","(-73.94437408447266, 106.69831848144531, 31.997987747192383)",1,2.9980926513671875,1,"(-53.12187194824219, -29.495759963989258, 801.6717529296875)",1,"(0.37048932909965515, 0.6895220279693604)","(-70.84174346923828, 100.85747528076172, 29.872079849243164)",1,3.656036376953125,1,"(5.465039253234863, -25.98868751525879, 803.2796020507812)",1
8581165217,924889977951,"(0.36561155319213867, 0.6836882829666138)","(-73.53431701660156, 102.55962371826172, 30.491655349731445)",1,3.102874755859375,1,"(-53.13225555419922, -29.49601173400879, 801.5158081054688)",1,"(0.371351420879364, 0.6896715760231018)","(-70.36588287353516, 100.8138198852539, 29.85623550415039)",1,3.6374053955078125,1,"(5.457724571228027, -25.991004943847656, 803.144287109375)",1
8581181963,924889994697,"(nan, nan)","(nan, nan, nan)",0,nan,0,"(nan, nan, nan)",0,"(0.37923628091812134, 0.693573534488678)","(-66.01341247558594, 99.67534637451172, 29.441862106323242)",1,3.6518707275390625,1,"(5.461372375488281, -25.990314483642578, 803.2064819335938)",1
8581198750,924890011484,"(0.45017001032829285, 0.6695389151573181)","(-26.857759475708008, 106.68807220458984, 31.99428939819336)",1,3.0157470703125,1,"(-52.902008056640625, -29.500999450683594, 801.76904296875)",1,"(0.45521754026412964, 0.6858932375907898)","(-24.071487426757812, 101.91626739501953, 30.257444381713867)",1,3.6471710205078125,1,"(5.648972034454346, -25.997089385986328, 803.3224487304688)",1
8581215137,924890027871,"(0.5256230235099792, 0.6777376532554626)","(14.792573928833008, 104.29586791992188, 31.123577117919922)",1,3.143829345703125,1,"(-52.60419464111328, -29.458377838134766, 801.1384887695312)",1,"(0.5264602899551392, 0.6762052774429321)","(15.254758834838867, 104.74301147460938, 31.286304473876953)",1,3.604827880859375,1,"(5.9485955238342285, -25.968881607055664, 802.7412109375)",1
8581231928,924890044663,"(0.541783332824707, 0.6772312521934509)","(23.713098526000977, 104.44361114501953, 31.1773681640625)",1,3.1550445556640625,1,"(-52.539485931396484, -29.449668884277344, 801.2588500976562)",1,"(0.5410797595977783, 0.6715409159660339)","(23.324764251708984, 106.1039047241211, 31.781641006469727)",1,3.5957489013671875,1,"(6.021728992462158, -25.971912384033203, 802.8460693359375)",1
8581248762,924890061497,"(0.5374277234077454, 0.6765569448471069)","(21.308815002441406, 104.64033508300781, 31.24894905090332)",1,3.1331787109375,1,"(-52.56452178955078, -29.447479248046875, 801.5440673828125)",1,"(0.5465158224105835, 0.6818541288375854)","(26.32545280456543, 103.09479522705078, 30.686433792114258)",1,3.6054229736328125,1,"(6.042862892150879, -25.974069595336914, 803.130126953125)",1
8581265053,924890077788,"(0.5376895070075989, 0.6733232736587524)","(21.453344345092773, 105.58387756347656, 31.592370986938477)",1,3.141265869140625,1,"(-52.552486419677734, -29.437469482421875, 801.2809448242188)",1,"(0.5481299161911011, 0.6835948824882507)","(27.216459274291992, 102.58686065673828, 30.501569747924805)",1,3.6031951904296875,1,"(6.055179119110107, -25.96908950805664, 802.871337890625)",1
8581281894,924890094629,"(0.5335313081741333, 0.6673371195793152)","(19.157960891723633, 107.33050537109375, 32.22810363769531)",1,3.136474609375,1,"(-52.55973434448242, -29.439186096191406, 801.2725830078125)",1,"(0.5470110774040222, 0.6760834455490112)","(26.598867416381836, 104.77849578857422, 31.299272537231445)",1,3.596527099609375,1,"(6.061670303344727, -25.969934463500977, 802.8632202148438)",1
8581298774,924890111510,"(0.5379312634468079, 0.6766550540924072)","(21.586776733398438, 104.61170959472656, 31.238561630249023)",1,3.1616363525390625,1,"(-52.580204010009766, -29.450326919555664, 801.2987670898438)",1,"(0.5449039936065674, 0.6805489659309387)","(25.435739517211914, 103.47557830810547, 30.82501983642578)",1,3.590606689453125,1,"(6.062928199768066, -25.977975845336914, 802.8916625976562)",1
8581314973,924890127709,"(0.536613941192627, 0.6754615306854248)","(20.859601974487305, 104.95996856689453, 31.365297317504883)",1,3.148681640625,1,"(-52.60791778564453, -29.474557876586914, 801.3572998046875)",1,"(0.5473572611808777, 0.6815091967582703)","(26.789932250976562, 103.19541931152344, 30.72300910949707)",1,3.5921478271484375,1,"(6.049458980560303, -25.995702743530273, 802.9503173828125)",1
8581331764,924890144500,"(0.5424786806106567, 0.6693065762519836)","(24.096940994262695, 106.75582122802734, 32.0189323425293)",1,3.15472412109375,1,"(-52.63934326171875, -29.52303123474121, 801.3775024414062)",1,"(0.5472826361656189, 0.6870976090431213)","(26.748754501342773, 101.56484985351562, 30.129545211791992)",1,3.587890625,1,"(6.036777019500732, -26.001399993896484, 802.97412109375)",1
8581348690,924890161427,"(0.5432602167129517, 0.6556301712989807)","(24.52837371826172, 110.74629211425781, 33.47134017944336)",1,3.12445068359375,1,"(-52.66312026977539, -29.588275909423828, 801.23388671875)",1,"(0.5480399131774902, 0.6920095086097717)","(27.166744232177734, 100.1316909790039, 29.60797882080078)",1,3.5850982666015625,1,"(6.007210731506348, -26.040908813476562, 802.8262939453125)",1
8581364893,924890177630,"(0.5385173559188843, 0.657070517539978)","(21.910289764404297, 110.32608795166016, 33.3183479309082)",1,3.1345977783203125,1,"(-52.63741683959961, -29.616615295410156, 800.7012939453125)",1,"(0.5428406596183777, 0.6992800831794739)","(24.29677963256836, 98.0102767944336, 28.835830688476562)",1,3.5886077880859375,1,"(5.992508411407471, -26.06658935546875, 802.3038330078125)",1
8581381633,924890194370,"(0.5393409132957458, 0.655082106590271)","(22.36492919921875, 110.90625, 33.529502868652344)",1,3.1159210205078125,1,"(-52.63259506225586, -29.6298828125, 800.4496459960938)",1,"(0.5465954542160034, 0.6876658797264099)","(26.36943244934082, 101.39904022216797, 30.069246292114258)",1,3.6076507568359375,1,"(5.980101585388184, -26.11874771118164, 802.0391845703125)",1
8581398508,924890211245,"(0.5412228107452393, 0.6707714796066284)","(23.403696060180664, 106.32844543457031, 31.86331558227539)",1,3.1369476318359375,1,"(-52.614891052246094, -29.652584075927734, 800.1517944335938)",1,"(0.5504211783409119, 0.6754497289657593)","(28.481246948242188, 104.96343994140625, 31.366512298583984)",1,3.6026458740234375,1,"(5.9827189445495605, -26.156538009643555, 801.7395629882812)",1
8581414813,924890227551,"(0.5400897860527039, 0.6736957430839539)","(22.77827262878418, 105.47517395019531, 31.552827835083008)",1,3.1374664306640625,1,"(-52.57191848754883, -29.655757904052734, 799.6350708007812)",1,"(0.5529954433441162, 0.6728671789169312)","(29.902246475219727, 105.71697998046875, 31.64080047607422)",1,3.5833740234375,1,"(5.984921455383301, -26.16777992248535, 801.2371826171875)",1
8581431599,924890244337,"(0.5381604433059692, 0.6732383370399475)","(21.71324920654297, 105.60867309570312, 31.60143280029297)",1,3.12200927734375,1,"(-52.5244026184082, -29.641481399536133, 799.2160034179688)",1,"(0.5586172342300415, 0.6806491017341614)","(33.0055046081543, 103.4464111328125, 30.814401626586914)",1,3.6151123046875,1,"(5.990932464599609, -26.156871795654297, 800.8030395507812)",1
8581448327,924890261065,"(0.5423290133476257, 0.674467921257019)","(24.01435089111328, 105.24988555908203, 31.47085952758789)",1,3.1244659423828125,1,"(-52.46602249145508, -29.626035690307617, 798.7088623046875)",1,"(0.5537430047988892, 0.6851717829704285)","(30.314884185791016, 102.12676239013672, 30.334121704101562)",1,3.614410400390625,1,"(6.0051679611206055, -26.138427734375, 800.2911376953125)",1
8581464733,924890277471,"(0.5472909808158875, 0.6826636791229248)","(26.753341674804688, 102.85857391357422, 30.60051727294922)",1,3.121917724609375,1,"(-52.41419982910156, -29.613555908203125, 798.6043701171875)",1,"(0.5541521310806274, 0.6877027750015259)","(30.540756225585938, 101.38829040527344, 30.06532859802246)",1,3.60614013671875,1,"(6.0489935874938965, -26.134845733642578, 800.1861572265625)",1
8581481565,924890294304,"(0.5683763027191162, 0.6776928305625916)","(38.39250183105469, 104.30892944335938, 31.128389358520508)",1,3.105621337890625,1,"(-52.325626373291016, -29.606403350830078, 798.6351318359375)",1,"(0.5693690776824951, 0.6864114999771118)","(38.94054412841797, 101.76506042480469, 30.20246696472168)",1,3.584991455078125,1,"(6.137782096862793, -26.117109298706055, 800.2167358398438)",1
8581498339,924890311078,"(0.5871783494949341, 0.6615190505981445)","(48.77131652832031, 109.028076171875, 32.84596633911133)",1,3.0807647705078125,1,"(-52.169918060302734, -29.551223754882812, 798.4201049804688)",1,"(0.590826153755188, 0.6851125359535217)","(50.784908294677734, 102.14404296875, 30.340370178222656)",1,3.585601806640625,1,"(6.243463516235352, -26.08938980102539, 799.9674072265625)",1
8581514653,924890327392,"(0.5827181935310364, 0.6599952578544617)","(46.30929183959961, 109.47269439697266, 33.00775909423828)",1,3.080657958984375,1,"(-52.11836624145508, -29.509153366088867, 798.2581787109375)",1,"(0.5904846787452698, 0.6842307448387146)","(50.59640884399414, 102.40137481689453, 30.433990478515625)",1,3.5908050537109375,1,"(6.276753902435303, -26.056182861328125, 799.8097534179688)",1
8581531435,924890344175,"(0.5875203609466553, 0.6779669523239136)","(48.960113525390625, 104.22895812988281, 31.099233627319336)",1,3.1172027587890625,1,"(-52.10707473754883, -29.47556495666504, 798.3527221679688)",1,"(0.5885821580886841, 0.6959174275398254)","(49.54623794555664, 98.99146270751953, 29.192913055419922)",1,3.56610107421875,1,"(6.310327529907227, -26.019657135009766, 799.9161376953125)",1
8581548351,924890361091,"(0.5904396176338196, 0.6690556406974792)","(50.57155227661133, 106.82908630371094, 32.04560089111328)",1,3.0922698974609375,1,"(-52.06993103027344, -29.431291580200195, 798.3876342773438)",1,"(0.5905760526657104, 0.6959255337715149)","(50.64682388305664, 98.9891128540039, 29.192087173461914)",1,3.572174072265625,1,"(6.340547561645508, -25.985427856445312, 799.9442749023438)",1
8581564568,924890377308,"(0.5902682542800903, 0.6759933829307556)","(50.476959228515625, 104.80479431152344, 31.308757781982422)",1,3.0972137451171875,1,"(-52.05388641357422, -29.396963119506836, 798.4681396484375)",1,"(0.5916411876678467, 0.6977883577346802)","(51.234825134277344, 98.44556427001953, 28.994285583496094)",1,3.5775299072265625,1,"(6.3518171310424805, -25.96652603149414, 800.0206909179688)",1
8581581305,924890394045,"(0.5904874205589294, 0.6857123374938965)","(50.59791564941406, 101.96903991699219, 30.276626586914062)",1,3.117706298828125,1,"(-52.054359436035156, -29.393163681030273, 798.5618286132812)",1,"(0.5924188494682312, 0.687358021736145)","(51.6640625, 101.4888916015625, 30.101953506469727)",1,3.5612335205078125,1,"(6.350640773773193, -25.96477699279785, 800.12255859375)",1
8581598267,924890411008,"(0.5918735265731812, 0.6865474581718445)","(51.36307907104492, 101.72537994384766, 30.187978744506836)",1,3.107147216796875,1,"(-52.07731246948242, -29.40289878845215, 798.7019653320312)",1,"(0.5946924090385437, 0.6885635852813721)","(52.919090270996094, 101.13713836669922, 29.973892211914062)",1,3.552032470703125,1,"(6.337871074676514, -25.964231491088867, 800.2659301757812)",1
8581614488,924890427229,"(0.560749351978302, 0.6886811852455139)","(34.18242263793945, 101.10281372070312, 29.961393356323242)",1,3.121856689453125,1,"(-52.18799591064453, -29.426525115966797, 798.915771484375)",1,"(0.5740543007850647, 0.6938766241073608)","(41.52680587768555, 99.58687591552734, 29.40963363647461)",1,3.546905517578125,1,"(6.237154483795166, -25.96839141845703, 800.4819946289062)",1
8581631271,924890444012,"(0.5094269514083862, 0.6761734485626221)","(5.852279186248779, 104.75225830078125, 31.289703369140625)",1,3.124267578125,1,"(-52.37760925292969, -29.46430206298828, 799.0550537109375)",1,"(0.5178759098052979, 0.6915302872657776)","(10.516162872314453, 100.27151489257812, 29.65882682800293)",1,3.5706329345703125,1,"(6.0488481521606445, -25.985477447509766, 800.6375732421875)",1
8581648181,924890460922,"(0.4317053556442261, 0.6538012027740479)","(-37.050289154052734, 111.27996826171875, 33.66556167602539)",1,3.05548095703125,1,"(-52.678646087646484, -29.48643684387207, 799.5121459960938)",1,"(0.4462888538837433, 0.6738708019256592)","(-29.000154495239258, 105.42411804199219, 31.534244537353516)",1,3.5849151611328125,1,"(5.720616340637207, -26.00891876220703, 801.1192016601562)",1
8581664408,924890477150,"(0.43712475895881653, 0.6662790775299072)","(-34.058753967285156, 107.63921356201172, 32.340457916259766)",1,3.0925140380859375,1,"(-52.7647819519043, -29.523021697998047, 799.6270141601562)",1,"(0.43834301829338074, 0.6851425170898438)","(-33.386260986328125, 102.1352767944336, 30.337196350097656)",1,3.5995025634765625,1,"(5.646641254425049, -26.015666961669922, 801.2101440429688)",1
8581681237,924890493979,"(0.4137948453426361, 0.6772899031639099)","(-46.93693161010742, 104.42652893066406, 31.171119689941406)",1,3.1863250732421875,1,"(-52.787109375, -29.542125701904297, 799.8175048828125)",1,"(0.4298030436038971, 0.6865472197532654)","(-38.100379943847656, 101.7254638671875, 30.188020706176758)",1,3.61175537109375,1,"(5.637321949005127, -26.037569046020508, 801.4185791015625)",1
8581698000,924890510742,"(0.4118683636188507, 0.6823290586471558)","(-48.0003662109375, 102.95618438720703, 30.636032104492188)",1,3.2047882080078125,1,"(-52.80061721801758, -29.55499267578125, 799.6696166992188)",1,"(0.4294590651988983, 0.6894976496696472)","(-38.290260314941406, 100.86457061767578, 29.874671936035156)",1,3.6195068359375,1,"(5.616777420043945, -26.035659790039062, 801.27978515625)",1
8581714333,924890527076,"(0.43136653304100037, 0.6739351749420166)","(-37.237327575683594, 105.40536499023438, 31.52743911743164)",1,3.1077880859375,1,"(-52.8319091796875, -29.567129135131836, 799.5260009765625)",1,"(0.4298572838306427, 0.6873487830162048)","(-38.070438385009766, 101.49156188964844, 30.102933883666992)",1,3.6243438720703125,1,"(5.5857696533203125, -26.047624588012695, 801.1451416015625)",1
8581731203,924890543946,"(0.42893293499946594, 0.671532928943634)","(-38.58068084716797, 106.10623931884766, 31.782533645629883)",1,3.105316162109375,1,"(-52.83354949951172, -29.566913604736328, 799.266845703125)",1,"(0.4288349449634552, 0.6938997507095337)","(-38.63477325439453, 99.58013153076172, 29.407228469848633)",1,3.630218505859375,1,"(5.5687971115112305, -26.035703659057617, 800.8667602539062)",1
8581747916,924890560659,"(0.42937007546424866, 0.6794543862342834)","(-38.33935546875, 103.79496002197266, 30.94126319885254)",1,3.1203155517578125,1,"(-52.82135009765625, -29.54843521118164, 798.7203369140625)",1,"(0.42701590061187744, 0.6924741268157959)","(-39.63888931274414, 99.99608612060547, 29.558605194091797)",1,3.6128997802734375,1,"(5.539222717285156, -26.00786781311035, 800.329345703125)",1
8581764253,924890576996,"(0.4238736927509308, 0.6850689053535461)","(-41.37340545654297, 102.15679168701172, 30.344970703125)",1,3.14996337890625,1,"(-52.81651306152344, -29.52696418762207, 798.14794921875)",1,"(0.42927199602127075, 0.6924857497215271)","(-38.39350891113281, 99.99273681640625, 29.55732536315918)",1,3.5991058349609375,1,"(5.505101680755615, -25.97881507873535, 799.7810668945312)",1
8581781071,924890593815,"(0.42562368512153625, 0.6384605765342712)","(-40.40739822387695, 115.7559814453125, 35.2946891784668)",1,3.0152587890625,1,"(-52.8067512512207, -29.516298294067383, 797.851806640625)",1,"(0.4346729516983032, 0.6975103616714478)","(-35.41221237182617, 98.52667236328125, 29.02372169494629)",1,3.57684326171875,1,"(5.478456497192383, -25.94633674621582, 799.456298828125)",1
8581797832,924890610576,"(0.4231247305870056, 0.6302925944328308)","(-41.786842346191406, 118.13922882080078, 36.16214370727539)",1,2.988067626953125,1,"(-52.81846618652344, -29.48871421813965, 797.45703125)",1,"(0.4308418929576874, 0.6880859136581421)","(-37.52692794799805, 101.27647399902344, 30.024627685546875)",1,3.562255859375,1,"(5.4485697746276855, -25.920059204101562, 799.07568359375)",1
8581814168,924890626912,"(0.4278642237186432, 0.6549986600875854)","(-39.170631408691406, 110.9305648803711, 33.538394927978516)",1,3.05255126953125,1,"(-52.82968521118164, -29.47787857055664, 797.359619140625)",1,"(0.42501991987228394, 0.7033873796463013)","(-40.740684509277344, 96.81187438964844, 28.399625778198242)",1,3.5982208251953125,1,"(5.424499988555908, -25.894855499267578, 798.9751586914062)",1
8581831037,924890643781,"(0.42666390538215637, 0.6388420462608337)","(-39.833194732666016, 115.64466094970703, 35.254188537597656)",1,2.9931182861328125,1,"(-52.8492317199707, -29.46823501586914, 797.449951171875)",1,"(0.4307553768157959, 0.6865403056144714)","(-37.574684143066406, 101.72746276855469, 30.18874740600586)",1,3.5634613037109375,1,"(5.419445037841797, -25.89609718322754, 799.0731201171875)",1
8581847747,924890660492,"(0.42994046211242676, 0.6437013745307922)","(-38.02452087402344, 114.22683715820312, 34.7381706237793)",1,3.0050201416015625,1,"(-52.88554000854492, -29.469295501708984, 797.7715454101562)",1,"(0.43067315220832825, 0.6799511313438416)","(-37.62006378173828, 103.6500244140625, 30.888513565063477)",1,3.5473175048828125,1,"(5.404895782470703, -25.897476196289062, 799.390380859375)",1
8581864087,924890676832,"(0.4294886887073517, 0.6333279013633728)","(-38.27391815185547, 117.25362396240234, 35.83979034423828)",1,3.0052337646484375,1,"(-52.92102813720703, -29.481403350830078, 798.2449340820312)",1,"(0.4260309338569641, 0.6931215524673462)","(-40.18258285522461, 99.80716705322266, 29.48987579345703)",1,3.583465576171875,1,"(5.406978607177734, -25.904848098754883, 799.8496704101562)",1
8581880907,924890693652,"(0.42565134167671204, 0.64141446352005)","(-40.392127990722656, 114.89412689208984, 34.98102569580078)",1,3.005706787109375,1,"(-52.94011306762695, -29.48884391784668, 798.5421752929688)",1,"(0.4250895082950592, 0.6939132213592529)","(-40.7022705078125, 99.57621765136719, 29.405811309814453)",1,3.6011199951171875,1,"(5.410573959350586, -25.914575576782227, 800.1787719726562)",1
8581897662,924890710408,"(0.43242645263671875, 0.6489614248275757)","(-36.65224838256836, 112.6921157836914, 34.17952346801758)",1,3.0253753662109375,1,"(-52.97449493408203, -29.507122039794922, 799.0419921875)",1,"(0.424268901348114, 0.6866755485534668)","(-41.15524673461914, 101.68800354003906, 30.17439842224121)",1,3.576873779296875,1,"(5.412415504455566, -25.93295669555664, 800.6585083007812)",1
8581914008,924890726754,"(0.4302557706832886, 0.6466935276985168)","(-37.8504753112793, 113.35385131835938, 34.42036056518555)",1,3.0128936767578125,1,"(-53.00716781616211, -29.53467559814453, 799.562255859375)",1,"(0.42339396476745605, 0.6865085959434509)","(-41.63821029663086, 101.73672485351562, 30.19209861755371)",1,3.572174072265625,1,"(5.4195685386657715, -25.955699920654297, 801.1671752929688)",1
8581930776,924890743522,"(0.4315873980522156, 0.6670745611190796)","(-37.11543655395508, 107.40711975097656, 32.25592803955078)",1,3.07574462890625,1,"(-53.02325439453125, -29.549280166625977, 799.83984375)",1,"(0.42613106966018677, 0.7002101540565491)","(-40.1273307800293, 97.73893737792969, 28.737079620361328)",1,3.600128173828125,1,"(5.423093795776367, -25.96573257446289, 801.4740600585938)",1
8581947577,924890760323,"(0.4285033643245697, 0.6554891467094421)","(-38.817813873291016, 110.7874755859375, 33.48630905151367)",1,3.0704498291015625,1,"(-53.04428482055664, -29.5738582611084, 800.2317504882812)",1,"(0.4239221513271332, 0.7029539346694946)","(-41.34667205810547, 96.93834686279297, 28.445688247680664)",1,3.5981597900390625,1,"(5.437577724456787, -25.984697341918945, 801.8536987304688)",1
8581963933,924890776680,"(0.41540661454200745, 0.6803805232048035)","(-46.0472526550293, 103.52474975585938, 30.842924118041992)",1,3.1830596923828125,1,"(-53.060997009277344, -29.595380783081055, 800.5901489257812)",1,"(0.4256419837474823, 0.6995875835418701)","(-40.39730453491211, 97.92057037353516, 28.803146362304688)",1,3.5872650146484375,1,"(5.448901653289795, -26.005826950073242, 802.2049560546875)",1
8581980742,924890793489,"(0.4361489415168762, 0.6450724601745605)","(-34.597434997558594, 113.82681274414062, 34.59255599975586)",1,3.06024169921875,1,"(-53.07084655761719, -29.61435890197754, 800.7879028320312)",1,"(0.4224514067173004, 0.706520676612854)","(-42.15849304199219, 95.89764404296875, 28.066871643066406)",1,3.5958251953125,1,"(5.4524335861206055, -26.016036987304688, 802.4204711914062)",1
8581997589,924890810336,"(0.4232122004032135, 0.650788426399231)","(-41.73855972290039, 112.15902709960938, 33.985504150390625)",1,3.0336456298828125,1,"(-53.092037200927734, -29.649219512939453, 801.10498046875)",1,"(0.4234943985939026, 0.7067787647247314)","(-41.58279037475586, 95.82235717773438, 28.039445877075195)",1,3.615509033203125,1,"(5.439725399017334, -26.068071365356445, 802.7294921875)",1
8582013853,924890826600,"(0.35698023438453674, 0.7746626734733582)","(-78.29879760742188, 76.01543426513672, 20.830305099487305)",1,3.0171661376953125,1,"(-53.2273063659668, -29.80393409729004, 801.0401000976562)",1,"(0.3745807111263275, 0.7863602042198181)","(-68.58329010009766, 72.60237884521484, 19.588083267211914)",1,3.6042327880859375,1,"(5.239860534667969, -26.255840301513672, 802.775390625)",1
8582030708,924890843456,"(nan, nan)","(nan, nan, nan)",0,nan,0,"(nan, nan, nan)",0,"(0.35176151990890503, 0.8206772804260254)","(-81.17957305908203, 62.58950424194336, 15.943685531616211)",1,3.58880615234375,1,"(5.138598442077637, -26.323759078979492, 802.221435546875)",1
8582047409,924890860157,"(0.34854555130004883, 0.7948855757713318)","(-82.95479583740234, 70.11488342285156, 18.68269157409668)",1,3.0149383544921875,1,"(-53.278564453125, -29.869810104370117, 800.2183837890625)",1,"(0.35234224796295166, 0.812247097492218)","(-80.85900115966797, 65.04920196533203, 16.838964462280273)",1,3.5863800048828125,1,"(5.133472919464111, -26.336376190185547, 801.7928466796875)",1
8582063777,924890876525,"(0.34145620465278625, 0.7997535467147827)","(-86.86813354492188, 68.69450378417969, 18.165775299072266)",1,3.0832061767578125,1,"(-53.252010345458984, -29.85348129272461, 800.00927734375)",1,"(0.3402999937534332, 0.826065719127655)","(-87.5063705444336, 61.017242431640625, 15.37147331237793)",1,3.6037750244140625,1,"(5.169373989105225, -26.329322814941406, 801.6434326171875)",1
8582080674,924890893423,"(0.3441575765609741, 0.7959785461425781)","(-85.37696075439453, 69.79596710205078, 18.566669464111328)",1,3.0705108642578125,1,"(-53.25303268432617, -29.844017028808594, 800.1014404296875)",1,"(0.3389591574668884, 0.8310168385505676)","(-88.24651336669922, 59.572608947753906, 14.845687866210938)",1,3.6100311279296875,1,"(5.204333305358887, -26.317806243896484, 801.7499389648438)",1
8582097323,924890910072,"(0.3309946060180664, 0.7797593474388123)","(-92.64299011230469, 74.52835083007812, 20.28910255432129)",1,3.021148681640625,1,"(-53.24700927734375, -29.828418731689453, 800.4288330078125)",1,"(0.33892983198165894, 0.8313217163085938)","(-88.26270294189453, 59.48368453979492, 14.813323020935059)",1,3.6018218994140625,1,"(5.254830360412598, -26.315109252929688, 802.0590209960938)",1
8582113697,924890926446,"(0.328952819108963, 0.7920944094657898)","(-93.77003479003906, 70.92928314208984, 18.97913932800293)",1,3.0288543701171875,1,"(-53.23786163330078, -29.807252883911133, 800.64306640625)",1,"(0.3405938148498535, 0.827165424823761)","(-87.34417724609375, 60.696372985839844, 15.2546968460083)",1,3.59893798828125,1,"(5.295368671417236, -26.3101806640625, 802.2706298828125)",1
8582130544,924890943293,"(nan, nan)","(nan, nan, nan)",0,nan,0,"(nan, nan, nan)",0,"(0.34120771288871765, 0.8308935165405273)","(-87.00530242919922, 59.60859680175781, 14.858739852905273)",1,3.606048583984375,1,"(5.313530921936035, -26.309383392333984, 802.3753662109375)",1
8582147239,924890959989,"(0.33196091651916504, 0.8128024935722351)","(-92.10955810546875, 64.88714599609375, 16.779985427856445)",1,3.0084075927734375,1,"(-53.22477722167969, -29.772092819213867, 800.8335571289062)",1,"(0.34140703082084656, 0.825282633304596)","(-86.89527893066406, 61.245750427246094, 15.45463752746582)",1,3.6077117919921875,1,"(5.339478969573975, -26.307514190673828, 802.4552001953125)",1
8582163617,924890976367,"(0.3306923508644104, 0.8119324445724487)","(-92.80982208251953, 65.1409912109375, 16.8724365234375)",1,3.019439697265625,1,"(-53.229736328125, -29.792062759399414, 800.8395385742188)",1,"(0.3424091339111328, 0.820075273513794)","(-86.34211730957031, 62.76512145996094, 16.00768280029297)",1,3.599456787109375,1,"(5.343874931335449, -26.323951721191406, 802.4790649414062)",1
8582180510,924890993260,"(0.33178001642227173, 0.7889919281005859)","(-92.20941925048828, 71.8344955444336, 19.308643341064453)",1,3.054595947265625,1,"(-53.23772048950195, -29.834062576293945, 800.8408813476562)",1,"(0.33881568908691406, 0.8235415816307068)","(-88.32571411132812, 61.75374221801758, 15.63952922821045)",1,3.6157379150390625,1,"(5.343532085418701, -26.340404510498047, 802.4803466796875)",1
8582197154,924891009904,"(0.3407232165336609, 0.7992240786552429)","(-87.27273559570312, 68.8489990234375, 18.221969604492188)",1,3.0896759033203125,1,"(-53.25312423706055, -29.87706756591797, 800.887939453125)",1,"(0.3390325605869293, 0.8230400681495667)","(-88.20600891113281, 61.900081634521484, 15.692779541015625)",1,3.60321044921875,1,"(5.3259735107421875, -26.370731353759766, 802.524658203125)",1
8582213537,924891026288,"(0.3401789963245392, 0.8144864439964294)","(-87.57315063476562, 64.39582824707031, 16.601160049438477)",1,3.0414581298828125,1,"(-53.26411819458008, -29.896821975708008, 800.8690795898438)",1,"(0.33998581767082214, 0.8265977501869202)","(-87.67979431152344, 60.862003326416016, 15.314980506896973)",1,3.608154296875,1,"(5.31780481338501, -26.39202308654785, 802.4783935546875)",1
8582230476,924891043227,"(nan, nan)","(nan, nan, nan)",0,nan,0,"(nan, nan, nan)",0,"(0.34019359946250916, 0.8158418536186218)","(-87.56510925292969, 64.0003433227539, 16.457223892211914)",1,3.6132659912109375,1,"(5.309934616088867, -26.412364959716797, 802.4439697265625)",1
8582247070,924891059821,"(0.34376490116119385, 0.8142674565315247)","(-85.5937271118164, 64.4596939086914, 16.624391555786133)",1,3.045196533203125,1,"(-53.25585174560547, -29.917129516601562, 800.7569580078125)",1,"(0.34139111638069153, 0.8173871636390686)","(-86.9040298461914, 63.549407958984375, 16.293113708496094)",1,3.609619140625,1,"(5.3121747970581055, -26.42237663269043, 802.3536987304688)",1
8582263457,924891076209,"(0.3403104841709137, 0.8140107989311218)","(-87.50057220458984, 64.53459167480469, 16.65167808532715)",1,3.047149658203125,1,"(-53.21564865112305, -29.910680770874023, 800.5138549804688)",1,"(0.34295353293418884, 0.8164791464805603)","(-86.0416030883789, 63.81438064575195, 16.3895263671875)",1,3.6131744384765625,1,"(5.327693462371826, -26.420331954956055, 802.1096801757812)",1
8582280346,924891093098,"(nan, nan)","(nan, nan, nan)",0,nan,0,"(nan, nan, nan)",0,"(0.33797234296798706, 0.8192330002784729)","(-88.79125213623047, 63.010902404785156, 16.097082138061523)",1,3.5976409912109375,1,"(5.339739799499512, -26.40337371826172, 801.959716796875)",1
8582296986,924891109738,"(0.3404000699520111, 0.8098954558372498)","(-87.45111846923828, 65.73535919189453, 17.088716506958008)",1,3.05194091796875,1,"(-53.14260482788086, -29.879545211791992, 800.1258544921875)",1,"(0.33847784996032715, 0.8186521530151367)","(-88.51221466064453, 63.18037796020508, 16.15874671936035)",1,3.5944671630859375,1,"(5.3620476722717285, -26.375497817993164, 801.750732421875)",1
8582313377,924891126129,"(0.3448845446109772, 0.8118486404418945)","(-84.9756851196289, 65.16545867919922, 16.881258010864258)",1,3.1304473876953125,1,"(-53.11156463623047, -29.853103637695312, 800.0296020507812)",1,"(0.33948230743408203, 0.8280491828918457)","(-87.95773315429688, 60.43851852416992, 15.160844802856445)",1,3.5921783447265625,1,"(5.388257026672363, -26.336318969726562, 801.6691284179688)",1
8582330215,924891142968,"(nan, nan)","(nan, nan, nan)",0,nan,0,"(nan, nan, nan)",0,"(0.33875855803489685, 0.8314828872680664)","(-88.35724639892578, 59.436622619628906, 14.796184539794922)",1,3.5897979736328125,1,"(5.421757221221924, -26.30350112915039, 801.541259765625)",1
8582346900,924891159653,"(0.36972394585609436, 0.8191887736320496)","(-71.26423645019531, 63.02375411987305, 16.1018009185791)",1,3.004058837890625,1,"(-52.91815948486328, -29.78458595275879, 800.0055541992188)",1,"(0.3734825849533081, 0.8366168141365051)","(-69.18946838378906, 57.93867111206055, 14.250927925109863)",1,3.5956573486328125,1,"(5.553233623504639, -26.30287742614746, 801.5823974609375)",1
8582363297,924891176050,"(0.40465599298477173, 0.84189373254776)","(-51.981632232666016, 56.3990364074707, 13.690511703491211)",1,3.128936767578125,1,"(-52.79951858520508, -29.75249671936035, 799.9641723632812)",1,"(0.39413177967071533, 0.8311789035797119)","(-57.791038513183594, 59.525333404541016, 14.828426361083984)",1,3.5585784912109375,1,"(5.6970696449279785, -26.301429748535156, 801.58154296875)",1
8582380180,924891192933,"(nan, nan)","(nan, nan, nan)",0,nan,0,"(nan, nan, nan)",0,"(0.392347514629364, 0.8456031084060669)","(-58.775978088378906, 55.31669616699219, 13.296625137329102)",1,3.5798797607421875,1,"(5.746692180633545, -26.277204513549805, 801.5579833984375)",1
8582396913,924891209667,"(0.3926685154438019, 0.8345413208007812)","(-58.5987663269043, 58.54427719116211, 14.471375465393066)",1,3.0250091552734375,1,"(-52.676246643066406, -29.675260543823242, 799.7706909179688)",1,"(0.3961373567581177, 0.8478659987449646)","(-56.68395233154297, 54.65644454956055, 13.056320190429688)",1,3.589385986328125,1,"(5.795654773712158, -26.2591609954834, 801.4317016601562)",1
8582413217,924891225971,"(0.39971423149108887, 0.8476709723472595)","(-54.7094841003418, 54.713314056396484, 13.077007293701172)",1,3.10858154296875,1,"(-52.611061096191406, -29.646366119384766, 799.3704833984375)",1,"(0.3951079249382019, 0.8428608775138855)","(-57.25218200683594, 56.11682891845703, 13.587828636169434)",1,3.58941650390625,1,"(5.835460662841797, -26.24333953857422, 800.9791259765625)",1
8582430146,924891242900,"(0.3983766734600067, 0.8506065011024475)","(-55.447845458984375, 53.856807708740234, 12.76529312133789)",1,3.111785888671875,1,"(-52.587303161621094, -29.63825225830078, 799.1747436523438)",1,"(0.3937676250934601, 0.8366050720214844)","(-57.992061614990234, 57.942108154296875, 14.252176284790039)",1,3.56903076171875,1,"(5.850605010986328, -26.24566650390625, 800.758056640625)",1
8582446731,924891259486,"(0.39417722821235657, 0.8498764038085938)","(-57.765968322753906, 54.06986999511719, 12.842814445495605)",1,3.0979766845703125,1,"(-52.55205154418945, -29.622695922851562, 798.81298828125)",1,"(0.39684149622917175, 0.8414242267608643)","(-56.295265197753906, 56.535972595214844, 13.740447044372559)",1,3.55657958984375,1,"(5.85743522644043, -26.236005783081055, 800.413330078125)",1
8582463133,924891275888,"(0.3983483910560608, 0.8262173533439636)","(-55.46345520019531, 60.9730110168457, 15.355301856994629)",1,3.0214385986328125,1,"(-52.54246520996094, -29.622838973999023, 798.5100708007812)",1,"(0.3944620192050934, 0.8414438962936401)","(-57.60874557495117, 56.53026580810547, 13.738288879394531)",1,3.5570220947265625,1,"(5.852430820465088, -26.233226776123047, 800.1199340820312)",1
8582480016,924891292771,"(nan, nan)","(nan, nan, nan)",0,nan,0,"(nan, nan, nan)",0,"(0.39583736658096313, 0.8421416878700256)","(-56.849552154541016, 56.32668685913086, 13.664191246032715)",1,3.5667266845703125,1,"(5.842748641967773, -26.233154296875, 799.9651489257812)",1
8582496743,924891309498,"(0.4006022810935974, 0.8321631550788879)","(-54.21932601928711, 59.2381477355957, 14.72396183013916)",1,3.006134033203125,1,"(-52.5584602355957, -29.642026901245117, 798.1075439453125)",1,"(0.3932427763938904, 0.8424841165542603)","(-58.28179168701172, 56.22675323486328, 13.627869606018066)",1,3.541046142578125,1,"(5.82275390625, -26.234142303466797, 799.7448120117188)",1
8582513053,924891325809,"(0.3982803225517273, 0.8268640637397766)","(-55.50104522705078, 60.784339904785156, 15.286654472351074)",1,2.988861083984375,1,"(-52.56671142578125, -29.646310806274414, 797.80908203125)",1,"(0.39390742778778076, 0.8473133444786072)","(-57.91488265991211, 54.81770324707031, 13.115013122558594)",1,3.5329742431640625,1,"(5.791967391967773, -26.232093811035156, 799.428466796875)",1
8582529982,924891342738,"(nan, nan)","(nan, nan, nan)",0,nan,0,"(nan, nan, nan)",0,"(0.3926627039909363, 0.8447858691215515)","(-58.60197067260742, 55.55514907836914, 13.383384704589844)",1,3.5459747314453125,1,"(5.774352073669434, -26.242435455322266, 799.3374633789062)",1
8582546659,924891359415,"(0.3999277651309967, 0.8225211501121521)","(-54.591644287109375, 62.05146408081055, 15.747880935668945)",1,3.007720947265625,1,"(-52.61772155761719, -29.68934440612793, 797.749755859375)",1,"(0.3986337184906006, 0.8414823412895203)","(-55.30595779418945, 56.51905059814453, 13.734254837036133)",1,3.559722900390625,1,"(5.736897945404053, -26.263811111450195, 799.3519897460938)",1
8582562973,924891375729,"(0.39558714628219604, 0.845466673374176)","(-56.9876823425293, 55.35654067993164, 13.31108570098877)",1,3.1211395263671875,1,"(-52.66304016113281, -29.716176986694336, 797.8071899414062)",1,"(0.4017806947231293, 0.8429132103919983)","(-53.568809509277344, 56.101539611816406, 13.582283973693848)",1,3.5592803955078125,1,"(5.689887046813965, -26.28281593322754, 799.4166259765625)",1
8582579851,924891392608,"(nan, nan)","(nan, nan, nan)",0,nan,0,"(nan, nan, nan)",0,"(0.40384840965270996, 0.8428763151168823)","(-52.42742919921875, 56.112327575683594, 13.586210250854492)",1,3.5522918701171875,1,"(5.646641731262207, -26.284311294555664, 799.3088989257812)",1
8582596477,924891409234,"(0.38750702142715454, 0.827378511428833)","(-61.44795227050781, 60.63420486450195, 15.232047080993652)",1,2.985870361328125,1,"(-52.75855255126953, -29.720396041870117, 797.3789672851562)",1,"(0.3957091271877289, 0.8404505252838135)","(-56.920352935791016, 56.82011413574219, 13.843815803527832)",1,3.5403594970703125,1,"(5.5652899742126465, -26.275968551635742, 799.0350952148438)",1
8582612893,924891425650,"(0.34182944893836975, 0.8171104192733765)","(-86.66211700439453, 63.63017272949219, 16.322513580322266)",1,2.9916229248046875,1,"(-52.92924499511719, -29.73607063293457, 797.1752319335938)",1,"(0.35290420055389404, 0.8354597091674805)","(-80.54882049560547, 58.27632141113281, 14.373875617980957)",1,3.5141754150390625,1,"(5.342001438140869, -26.248178482055664, 798.9078979492188)",1
8582629721,924891442478,"(0.33609285950660706, 0.8300995230674744)","(-89.82875061035156, 59.84027099609375, 14.943111419677734)",1,3.0968170166015625,1,"(-53.01468276977539, -29.745988845825195, 797.1365356445312)",1,"(0.3343527019023895, 0.8445386290550232)","(-90.78931427001953, 55.62729263305664, 13.409722328186035)",1,3.51544189453125,1,"(5.217415809631348, -26.204410552978516, 798.7745361328125)",1
8582646393,924891459151,"(0.3377915024757385, 0.8353455662727356)","(-88.89106750488281, 58.30963897705078, 14.385976791381836)",1,3.10614013671875,1,"(-53.14714050292969, -29.74555778503418, 797.3782958984375)",1,"(0.329267293214798, 0.8436129689216614)","(-93.59644317626953, 55.89736557006836, 13.507959365844727)",1,3.4942779541015625,1,"(5.113081932067871, -26.188447952270508, 799.0117797851562)",1
8582662813,924891475571,"(0.3254275321960449, 0.8147867918014526)","(-95.71601867675781, 64.30819702148438, 16.569229125976562)",1,3.0218658447265625,1,"(-53.230064392089844, -29.72376823425293, 797.6058959960938)",1,"(0.3253640830516815, 0.8347645998001099)","(-95.75104522705078, 58.479129791259766, 14.44760799407959)",1,3.498931884765625,1,"(5.0657525062561035, -26.1755428314209, 799.2313232421875)",1
8582679687,924891492445,"(0.3268870413303375, 0.8347800970077515)","(-94.9103775024414, 58.47460174560547, 14.445998191833496)",1,3.0878143310546875,1,"(-53.269737243652344, -29.71466064453125, 797.7780151367188)",1,"(0.3306264281272888, 0.8357428908348083)","(-92.8462142944336, 58.19371032714844, 14.343733787536621)",1,3.501983642578125,1,"(5.013693332672119, -26.16279411315918, 799.433349609375)",1
8582696308,924891509067,"(0.32039186358451843, 0.8331882357597351)","(-98.4957275390625, 58.93907165527344, 14.615049362182617)",1,3.0610809326171875,1,"(-53.32263946533203, -29.687490463256836, 797.8433227539062)",1,"(0.3308057188987732, 0.8293971419334412)","(-92.74723052978516, 60.04526138305664, 15.017637252807617)",1,3.506805419921875,1,"(4.987586975097656, -26.142112731933594, 799.487548828125)",1
8582712733,924891525492,"(0.3259444832801819, 0.822679877281189)","(-95.43065643310547, 62.005149841308594, 15.731039047241211)",1,3.0116729736328125,1,"(-53.34712219238281, -29.65859603881836, 797.57177734375)",1,"(0.3325032889842987, 0.8282871842384338)","(-91.81018829345703, 60.36909103393555, 15.135515213012695)",1,3.503631591796875,1,"(4.954458713531494, -26.122760772705078, 799.2377319335938)",1
8582729653,924891542412,"(nan, nan)","(nan, nan, nan)",0,nan,0,"(nan, nan, nan)",0,"(0.32846832275390625, 0.8340851068496704)","(-94.0374755859375, 58.67738342285156, 14.51977825164795)",1,3.499176025390625,1,"(4.949826240539551, -26.117530822753906, 799.06396484375)",1
8582746224,924891558983,"(0.32825759053230286, 0.8298956155776978)","(-94.15379333496094, 59.899742126464844, 14.96477222442627)",1,2.9612274169921875,1,"(-53.37788772583008, -29.661632537841797, 797.1716918945312)",1,"(0.3299688994884491, 0.8382413387298584)","(-93.20915222167969, 57.464683532714844, 14.078400611877441)",1,3.494964599609375,1,"(4.9204583168029785, -26.116851806640625, 798.8722534179688)",1
8582762657,924891575417,"(0.32365769147872925, 0.8158782720565796)","(-96.69296264648438, 63.98967742919922, 16.453290939331055)",1,2.9900665283203125,1,"(-53.409976959228516, -29.68611717224121, 797.2369995117188)",1,"(0.3258647918701172, 0.8334945440292358)","(-95.47465515136719, 58.849727630615234, 14.582508087158203)",1,3.4860687255859375,1,"(4.901345729827881, -26.125682830810547, 798.887451171875)",1
8582779523,924891592283,"(nan, nan)","(nan, nan, nan)",0,nan,0,"(nan, nan, nan)",0,"(0.3240141272544861, 0.8371044397354126)","(-96.4962387084961, 57.79642105102539, 14.199131965637207)",1,3.490234375,1,"(4.879051685333252, -26.132841110229492, 799.0284423828125)",1
8582796140,924891608900,"(0.3185226321220398, 0.8192458152770996)","(-99.52754211425781, 63.00712585449219, 16.095733642578125)",1,2.9422760009765625,1,"(-53.50540542602539, -29.747770309448242, 797.7283935546875)",1,"(0.3268393278121948, 0.841751217842102)","(-94.93668365478516, 56.44061279296875, 13.705697059631348)",1,3.489288330078125,1,"(4.825477600097656, -26.152599334716797, 799.3232421875)",1
8582812573,924891625333,"(0.32305634021759033, 0.8231315612792969)","(-97.02491760253906, 61.87337112426758, 15.683053970336914)",1,2.95294189453125,1,"(-53.59490203857422, -29.78925132751465, 798.1865844726562)",1,"(0.3335742950439453, 0.8462648391723633)","(-91.21897888183594, 55.12361526489258, 13.226366996765137)",1,3.4951629638671875,1,"(4.769196510314941, -26.181367874145508, 799.8179931640625)",1
8582829489,924891642250,"(nan, nan)","(nan, nan, nan)",0,nan,0,"(nan, nan, nan)",0,"(0.332136869430542, 0.8468072414398193)","(-92.01245880126953, 54.96535110473633, 13.16876220703125)",1,3.4824981689453125,1,"(4.730438232421875, -26.178585052490234, 799.9456176757812)",1
8582846055,924891658816,"(0.3311784267425537, 0.8350340127944946)","(-92.54150390625, 58.400508880615234, 14.419042587280273)",1,2.9633941650390625,1,"(-53.68855285644531, -29.821430206298828, 798.0023193359375)",1,"(0.3271067142486572, 0.8465843796730042)","(-94.78910064697266, 55.0304069519043, 13.192427635192871)",1,3.47186279296875,1,"(4.683786869049072, -26.18480110168457, 799.7291259765625)",1
8582862493,924891675254,"(0.3290509581565857, 0.8496796488761902)","(-93.71589660644531, 54.12727737426758, 12.863698959350586)",1,3.04669189453125,1,"(-53.69514465332031, -29.839061737060547, 797.5864868164062)",1,"(0.3278052508831024, 0.8527280688285828)","(-94.40352630615234, 53.23779296875, 12.539982795715332)",1,3.4737701416015625,1,"(4.6272664070129395, -26.180864334106445, 799.2688598632812)",1
8582879455,924891692217,"(nan, nan)","(nan, nan, nan)",0,nan,0,"(nan, nan, nan)",0,"(0.327170193195343, 0.846205472946167)","(-94.75406646728516, 55.14091873168945, 13.232658386230469)",1,3.46856689453125,1,"(4.586626052856445, -26.210607528686523, 799.3610229492188)",1
8582895970,924891708732,"(0.32449010014533997, 0.8469892144203186)","(-96.23348236083984, 54.912269592285156, 13.149359703063965)",1,2.952789306640625,1,"(-53.79774475097656, -29.876359939575195, 797.9183959960938)",1,"(0.3272852599620819, 0.8450796604156494)","(-94.69054412841797, 55.469444274902344, 13.352231979370117)",1,3.4730682373046875,1,"(4.54485559463501, -26.223995208740234, 799.5791625976562)",1
8582912417,924891725179,"(0.31291529536247253, 0.8377388119697571)","(-102.62279510498047, 57.61128234863281, 14.13181209564209)",1,2.913818359375,1,"(-53.83744430541992, -29.888639450073242, 798.0355224609375)",1,"(0.32885149121284485, 0.8394973278045654)","(-93.82596588134766, 57.098243713378906, 13.945022583007812)",1,3.4608001708984375,1,"(4.525527477264404, -26.242652893066406, 799.716796875)",1
8582929324,924891742086,"(nan, nan)","(nan, nan, nan)",0,nan,0,"(nan, nan, nan)",0,"(0.32805106043815613, 0.8409880995750427)","(-94.2677993774414, 56.663272857666016, 13.786711692810059)",1,3.46124267578125,1,"(4.525019645690918, -26.24193572998047, 799.7039184570312)",1
8582945885,924891758648,"(0.32135406136512756, 0.8506835103034973)","(-97.96458435058594, 53.83436584472656, 12.757072448730469)",1,2.9316864013671875,1,"(-53.83393478393555, -29.86396026611328, 797.857421875)",1,"(0.32586395740509033, 0.8395588397979736)","(-95.47509765625, 57.08028030395508, 13.938508987426758)",1,3.4396209716796875,1,"(4.527438640594482, -26.23040771484375, 799.5629272460938)",1
8582962337,924891775100,"(0.3174766004085541, 0.8504334092140198)","(-100.10494995117188, 53.907318115234375, 12.783685684204102)",1,2.9156341552734375,1,"(-53.82257843017578, -29.850887298583984, 797.779296875)",1,"(0.32650357484817505, 0.8408647179603577)","(-95.12203216552734, 56.69925308227539, 13.799821853637695)",1,3.43475341796875,1,"(4.545129776000977, -26.21480369567871, 799.4661865234375)",1
8582979193,924891791956,"(nan, nan)","(nan, nan, nan)",0,nan,0,"(nan, nan, nan)",0,"(0.3331809937953949, 0.8471230268478394)","(-91.43608093261719, 54.873260498046875, 13.135199546813965)",1,3.4667510986328125,1,"(4.554410457611084, -26.21006965637207, 799.4638061523438)",1
8582995801,924891808564,"(0.31931206583976746, 0.845553994178772)","(-99.09176635742188, 55.33104705810547, 13.301819801330566)",1,2.9375762939453125,1,"(-53.8309326171875, -29.860675811767578, 797.8322143554688)",1,"(0.3308774530887604, 0.8478208780288696)","(-92.70765686035156, 54.669639587402344, 13.061058044433594)",1,3.4470062255859375,1,"(4.552464485168457, -26.212072372436523, 799.5144653320312)",1
8583012257,924891825021,"(0.31604358553886414, 0.8374816179275513)","(-100.89598846435547, 57.68638610839844, 14.159078598022461)",1,2.9012298583984375,1,"(-53.86697769165039, -29.89348030090332, 797.94091796875)",1,"(0.33021244406700134, 0.8436297178268433)","(-93.07474517822266, 55.892486572265625, 13.506227493286133)",1,3.45013427734375,1,"(4.533637523651123, -26.2343692779541, 799.6303100585938)",1
8583029159,924891841923,"(nan, nan)","(nan, nan, nan)",0,nan,0,"(nan, nan, nan)",0,"(0.32867804169654846, 0.8437021374702454)","(-93.92172241210938, 55.87133026123047, 13.498557090759277)",1,3.4561004638671875,1,"(4.524337291717529, -26.25438117980957, 799.6499633789062)",1
8583045717,924891858481,"(0.3266630172729492, 0.8343058228492737)","(-95.03401947021484, 58.61299133300781, 14.496349334716797)",1,2.92474365234375,1,"(-53.91846466064453, -29.988004684448242, 798.0252075195312)",1,"(0.3267333507537842, 0.8320961594581604)","(-94.99517822265625, 59.2577018737793, 14.73103141784668)",1,3.452239990234375,1,"(4.5012946128845215, -26.300445556640625, 799.7103271484375)",1
8583062177,924891874942,"(0.33110490441322327, 0.8357438445091248)","(-92.58207702636719, 58.19340133666992, 14.343631744384766)",1,2.9228668212890625,1,"(-53.94870376586914, -30.02880096435547, 798.2291870117188)",1,"(0.32836011052131653, 0.8366777300834656)","(-94.09719848632812, 57.920928955078125, 14.244429588317871)",1,3.444000244140625,1,"(4.48799467086792, -26.338626861572266, 799.910888671875)",1
8583079028,924891891793,"(nan, nan)","(nan, nan, nan)",0,nan,0,"(nan, nan, nan)",0,"(0.3278273046016693, 0.8273895382881165)","(-94.3913345336914, 60.63099670410156, 15.230849266052246)",1,3.435516357421875,1,"(4.48444128036499, -26.355470657348633, 799.9586181640625)",1
8583095729,924891908494,"(0.32300087809562683, 0.8327876925468445)","(-97.05553436279297, 59.05594253540039, 14.657583236694336)",1,2.9113616943359375,1,"(-53.916969299316406, -30.045639038085938, 798.166748046875)",1,"(0.3260807693004608, 0.826238214969635)","(-95.35542297363281, 60.9669303894043, 15.353148460388184)",1,3.4261322021484375,1,"(4.4959564208984375, -26.35476303100586, 799.8637084960938)",1
8583112097,924891924862,"(0.32042819261550903, 0.8311758041381836)","(-98.47566986083984, 59.5262451171875, 14.82877254486084)",1,2.90447998046875,1,"(-53.86912536621094, -30.032886505126953, 797.9246826171875)",1,"(0.3270871341228485, 0.8349785804748535)","(-94.7999267578125, 58.41667556762695, 14.424942970275879)",1,3.4296112060546875,1,"(4.51369047164917, -26.344308853149414, 799.6228637695312)",1
8583128994,924891941760,"(nan, nan)","(nan, nan, nan)",0,nan,0,"(nan, nan, nan)",0,"(0.3311641216278076, 0.8322380781173706)","(-92.54938507080078, 59.21628189086914, 14.71596622467041)",1,3.41107177734375,1,"(4.529328346252441, -26.3300724029541, 799.4813232421875)",1
8583145644,924891958410,"(0.3199625313282013, 0.83226478099823)","(-98.73271179199219, 59.20849609375, 14.713116645812988)",1,2.907958984375,1,"(-53.79439926147461, -29.9956111907959, 797.7049560546875)",1,"(0.32901430130004883, 0.8356636166572571)","(-93.73609161376953, 58.21678161621094, 14.352188110351562)",1,3.398406982421875,1,"(4.5542311668396, -26.310291290283203, 799.3843383789062)",1
8583162017,924891974783,"(0.32029563188552856, 0.8379676938056946)","(-98.54884338378906, 57.54453659057617, 14.10748291015625)",1,2.911346435546875,1,"(-53.775997161865234, -29.979812622070312, 797.7520141601562)",1,"(0.3324885666370392, 0.8396086692810059)","(-91.81828308105469, 57.065731048583984, 13.933239936828613)",1,3.408905029296875,1,"(4.5700249671936035, -26.30636215209961, 799.4318237304688)",1
8583178960,924891991726,"(nan, nan)","(nan, nan, nan)",0,nan,0,"(nan, nan, nan)",0,"(0.3316652178764343, 0.8417043685913086)","(-92.27278900146484, 56.45425796508789, 13.71064567565918)",1,3.433837890625,1,"(4.612007141113281, -26.29988670349121, 799.4532470703125)",1
8583195559,924892008326,"(0.36710163950920105, 0.8230975866317749)","(-72.71178436279297, 61.88327407836914, 15.686668395996094)",1,2.8485260009765625,1,"(-53.581031799316406, -29.923860549926758, 798.0284423828125)",1,"(0.376955509185791, 0.841177761554718)","(-67.27239990234375, 56.607906341552734, 13.76655101776123)",1,3.4462890625,1,"(4.782248497009277, -26.277063369750977, 799.6204223632812)",1
8583211937,924892024704,"(0.40997275710105896, 0.8275419473648071)","(-49.0467643737793, 60.58652877807617, 15.214731216430664)",1,2.8778228759765625,1,"(-53.40233612060547, -29.88304328918457, 797.9353637695312)",1,"(0.41974249482154846, 0.8358908295631409)","(-43.653831481933594, 58.15052032470703, 14.328023910522461)",1,3.40625,1,"(4.965883255004883, -26.243194580078125, 799.5776977539062)",1
8583228830,924892041597,"(nan, nan)","(nan, nan, nan)",0,nan,0,"(nan, nan, nan)",0,"(0.4227045178413391, 0.8432938456535339)","(-42.018795013427734, 55.990501403808594, 13.541837692260742)",1,3.4357757568359375,1,"(5.018221378326416, -26.23112678527832, 799.6475219726562)",1
8583245474,924892058242,"(0.4106566607952118, 0.8196061253547668)","(-48.669246673583984, 62.90199661254883, 16.057422637939453)",1,2.8917083740234375,1,"(-53.29704666137695, -29.85567855834961, 798.0852661132812)",1,"(0.422518253326416, 0.8370935916900635)","(-42.12160873413086, 57.79957580566406, 14.20029067993164)",1,3.401519775390625,1,"(5.072350025177002, -26.229738235473633, 799.7715454101562)",1
8583261853,924892074621,"(0.41202425956726074, 0.8252977132797241)","(-47.91433334350586, 61.2413444519043, 15.453014373779297)",1,2.886993408203125,1,"(-53.2286376953125, -29.818586349487305, 797.7354736328125)",1,"(0.4166502058506012, 0.8510932326316833)","(-45.36077880859375, 53.7148323059082, 12.71359634399414)",1,3.4320831298828125,1,"(5.1265974044799805, -26.194135665893555, 799.3839721679688)",1
8583278796,924892091564,"(nan, nan)","(nan, nan, nan)",0,nan,0,"(nan, nan, nan)",0,"(0.4313361942768097, 0.8385817408561707)","(-37.25407791137695, 57.365360260009766, 14.042304992675781)",1,3.3927459716796875,1,"(5.159829616546631, -26.182519912719727, 799.404296875)",1
8583295390,924892108158,"(0.4076855182647705, 0.8153720498085022)","(-50.309329986572266, 64.13736724853516, 16.507129669189453)",1,2.857513427734375,1,"(-53.19522476196289, -29.816831588745117, 797.9142456054688)",1,"(0.43199220299720764, 0.8387040495872498)","(-36.8919563293457, 57.329689025878906, 14.029346466064453)",1,3.3840484619140625,1,"(5.189306735992432, -26.182640075683594, 799.5516967773438)",1
8583311773,924892124542,"(0.41084668040275574, 0.8172014951705933)","(-48.56435775756836, 63.60361862182617, 16.312835693359375)",1,2.8629913330078125,1,"(-53.1832275390625, -29.813671112060547, 797.8536376953125)",1,"(0.41925084590911865, 0.8531132936477661)","(-43.92522048950195, 53.12541961669922, 12.499092102050781)",1,3.430023193359375,1,"(5.212615966796875, -26.182687759399414, 799.4937744140625)",1
8583328762,924892141531,"(nan, nan)","(nan, nan, nan)",0,nan,0,"(nan, nan, nan)",0,"(0.42905765771865845, 0.8410198092460632)","(-38.511810302734375, 56.65398025512695, 13.783342361450195)",1,3.3847808837890625,1,"(5.215857982635498, -26.187204360961914, 799.4403076171875)",1
8583345306,924892158075,"(0.4096545875072479, 0.8197303414344788)","(-49.2224006652832, 62.86578369140625, 16.04425048828125)",1,2.856842041015625,1,"(-53.15226745605469, -29.81969451904297, 797.6742553710938)",1,"(0.4312875270843506, 0.8452202081680298)","(-37.28097152709961, 55.42842102050781, 13.337316513061523)",1,3.3800048828125,1,"(5.223378658294678, -26.19051742553711, 799.3252563476562)",1
8583361693,924892174462,"(0.40788015723228455, 0.8222883939743042)","(-50.20189666748047, 62.119388580322266, 15.772616386413574)",1,2.86407470703125,1,"(-53.12749099731445, -29.817161560058594, 797.3633422851562)",1,"(0.43103858828544617, 0.8363049626350403)","(-37.41838073730469, 58.02967834472656, 14.284041404724121)",1,3.37493896484375,1,"(5.2286763191223145, -26.199583053588867, 798.9949340820312)",1
8583378632,924892191402,"(nan, nan)","(nan, nan, nan)",0,nan,0,"(nan, nan, nan)",0,"(0.42315787076950073, 0.8389274477958679)","(-41.76856231689453, 57.26449966430664, 14.005552291870117)",1,3.39117431640625,1,"(5.233894348144531, -26.206253051757812, 798.7598266601562)",1
8583395221,924892207991,"(0.414565771818161, 0.8202952146530151)","(-46.51139831542969, 62.70093536376953, 15.984238624572754)",1,2.8711090087890625,1,"(-53.1038818359375, -29.802000045776367, 796.7987670898438)",1,"(0.42018041014671326, 0.8356043696403503)","(-43.41209411621094, 58.234100341796875, 14.358449935913086)",1,3.38006591796875,1,"(5.232757091522217, -26.200231552124023, 798.4376220703125)",1
8583411608,924892224378,"(0.4143372178077698, 0.8212470412254333)","(-46.63755798339844, 62.42323684692383, 15.88314437866211)",1,2.872650146484375,1,"(-53.110042572021484, -29.806726455688477, 796.6790771484375)",1,"(0.42253297567367554, 0.8392576575279236)","(-42.113460540771484, 57.168155670166016, 13.970473289489746)",1,3.3773193359375,1,"(5.217466831207275, -26.199758529663086, 798.3141479492188)",1
8583428501,924892241272,"(nan, nan)","(nan, nan, nan)",0,nan,0,"(nan, nan, nan)",0,"(0.423544704914093, 0.8465094566345215)","(-41.55498504638672, 55.05227279663086, 13.20035171508789)",1,3.36114501953125,1,"(5.19497537612915, -26.200721740722656, 798.3697509765625)",1
8583445233,924892258004,"(0.4118330180644989, 0.8317282199859619)","(-48.01990509033203, 59.36507034301758, 14.770048141479492)",1,2.8617095947265625,1,"(-53.18858337402344, -29.816701889038086, 796.8853759765625)",1,"(0.4267771542072296, 0.8315672278404236)","(-39.77069854736328, 59.41206741333008, 14.787186622619629)",1,3.3614654541015625,1,"(5.157273292541504, -26.211822509765625, 798.5262451171875)",1
8583461533,924892274304,"(0.4087686538696289, 0.8254417181015015)","(-49.7114372253418, 61.199310302734375, 15.437750816345215)",1,2.8560028076171875,1,"(-53.246585845947266, -29.83401107788086, 796.8878173828125)",1,"(0.43528681993484497, 0.8273258805274963)","(-35.07331466674805, 60.64957046508789, 15.237567901611328)",1,3.3412322998046875,1,"(5.09650993347168, -26.212970733642578, 798.5672607421875)",1
8583478467,924892291238,"(nan, nan)","(nan, nan, nan)",0,nan,0,"(nan, nan, nan)",0,"(0.4240894615650177, 0.8321352601051331)","(-41.25430679321289, 59.246337890625, 14.726832389831543)",1,3.3825225830078125,1,"(5.062791347503662, -26.21057891845703, 798.3873291015625)",1
8583495051,924892307823,"(0.4130284786224365, 0.8224869966506958)","(-47.359989166259766, 62.06145095825195, 15.751508712768555)",1,2.8603668212890625,1,"(-53.31486129760742, -29.84478187561035, 796.3693237304688)",1,"(0.4250386953353882, 0.8449997305870056)","(-40.7303466796875, 55.49277114868164, 13.360713005065918)",1,3.39202880859375,1,"(5.005086898803711, -26.18898582458496, 798.0670776367188)",1
8583511448,924892324220,"(0.4115375876426697, 0.8220043778419495)","(-48.182945251464844, 62.20228958129883, 15.802708625793457)",1,2.8620147705078125,1,"(-53.334957122802734, -29.84080696105957, 796.0713500976562)",1,"(0.4261305332183838, 0.8350102305412292)","(-40.12762451171875, 58.407474517822266, 14.421520233154297)",1,3.3437652587890625,1,"(4.965919494628906, -26.1639347076416, 797.7081298828125)",1
8583528336,924892341108,"(nan, nan)","(nan, nan, nan)",0,nan,0,"(nan, nan, nan)",0,"(0.4257946312427521, 0.8336637020111084)","(-40.31304931640625, 58.80036926269531, 14.5645170211792)",1,3.330718994140625,1,"(4.943567752838135, -26.149869918823242, 797.6329345703125)",1
8583545063,924892357835,"(0.40767911076545715, 0.8198466897010803)","(-50.312843322753906, 62.831817626953125, 16.031864166259766)",1,2.8527374267578125,1,"(-53.37247848510742, -29.838470458984375, 795.9271850585938)",1,"(0.4317287802696228, 0.8355759978294373)","(-37.037349700927734, 58.242374420166016, 14.361454963684082)",1,3.359100341796875,1,"(4.92125129699707, -26.145254135131836, 797.5775146484375)",1
8583561368,924892374141,"(0.4100123941898346, 0.8306434750556946)","(-49.02488708496094, 59.68156814575195, 14.885269165039062)",1,2.8688507080078125,1,"(-53.36745834350586, -29.824045181274414, 795.725341796875)",1,"(0.43258485198020935, 0.8353682160377502)","(-36.564815521240234, 58.30297088623047, 14.383580207824707)",1,3.3485870361328125,1,"(4.915210247039795, -26.135791778564453, 797.3700561523438)",1
8583578302,924892391075,"(nan, nan)","(nan, nan, nan)",0,nan,0,"(nan, nan, nan)",0,"(0.42873021960258484, 0.8367828130722046)","(-38.692569732666016, 57.890254974365234, 14.233362197875977)",1,3.328582763671875,1,"(4.914688587188721, -26.129657745361328, 797.2249755859375)",1
8583594979,924892407752,"(0.40212345123291016, 0.8280023336410522)","(-53.37959671020508, 60.45220947265625, 15.165769577026367)",1,2.8169403076171875,1,"(-53.34166717529297, -29.808570861816406, 795.3370361328125)",1,"(0.4319882094860077, 0.839292585849762)","(-36.89414596557617, 57.15796661376953, 13.966795921325684)",1,3.3310699462890625,1,"(4.913366317749023, -26.125354766845703, 796.9970703125)",1
8583611288,924892424062,"(0.4076574742794037, 0.8286815881729126)","(-50.32481002807617, 60.253997802734375, 15.093634605407715)",1,2.82733154296875,1,"(-53.32362365722656, -29.816200256347656, 795.145751953125)",1,"(0.43267691135406494, 0.8363801836967468)","(-36.51399230957031, 58.007747650146484, 14.27608871459961)",1,3.3211669921875,1,"(4.922146797180176, -26.131738662719727, 796.793701171875)",1
8583628171,924892440945,"(nan, nan)","(nan, nan, nan)",0,nan,0,"(nan, nan, nan)",0,"(0.42902785539627075, 0.8283470869064331)","(-38.528289794921875, 60.351619720458984, 15.129173278808594)",1,3.3301544189453125,1,"(4.929871082305908, -26.143524169921875, 796.6620483398438)",1
8583644895,924892457669,"(0.41197285056114197, 0.8195328712463379)","(-47.94269561767578, 62.92335510253906, 16.06525993347168)",1,2.8427886962890625,1,"(-53.2861213684082, -29.851858139038086, 794.8331298828125)",1,"(0.43098184466362, 0.8305642008781433)","(-37.449668884277344, 59.7047233581543, 14.893678665161133)",1,3.3494415283203125,1,"(4.940492153167725, -26.164133071899414, 796.4801635742188)",1
8583661208,924892473982,"(0.41279977560043335, 0.8136329054832458)","(-47.486236572265625, 64.64483642578125, 16.691818237304688)",1,2.8261260986328125,1,"(-53.26629638671875, -29.875303268432617, 794.7251586914062)",1,"(0.428350031375885, 0.8258140087127686)","(-38.90245819091797, 61.09071350097656, 15.39816665649414)",1,3.3438873291015625,1,"(4.951037883758545, -26.19114875793457, 796.35546875)",1
8583678137,924892490912,"(nan, nan)","(nan, nan, nan)",0,nan,0,"(nan, nan, nan)",0,"(0.4265546500682831, 0.8158385753631592)","(-39.893489837646484, 64.00129699707031, 16.457523345947266)",1,3.347564697265625,1,"(4.95608377456665, -26.221511840820312, 796.3374633789062)",1
8583694809,924892507584,"(0.4147987365722656, 0.8186251521110535)","(-46.38279342651367, 63.18821716308594, 16.1616153717041)",1,2.84832763671875,1,"(-53.246002197265625, -29.917930603027344, 794.7448120117188)",1,"(0.4266103506088257, 0.8199963569641113)","(-39.86274337768555, 62.78816604614258, 16.016021728515625)",1,3.3537750244140625,1,"(4.968313694000244, -26.237648010253906, 796.3726806640625)",1
8583711127,924892523902,"(0.41455399990081787, 0.8190793991088867)","(-46.51789855957031, 63.055686950683594, 16.113420486450195)",1,2.847564697265625,1,"(-53.22309494018555, -29.931201934814453, 794.764404296875)",1,"(0.4308328926563263, 0.8155698180198669)","(-37.53190231323242, 64.07971954345703, 16.4860897064209)",1,3.3059844970703125,1,"(4.985742092132568, -26.24856948852539, 796.4088745117188)",1
8583728007,924892540782,"(nan, nan)","(nan, nan, nan)",0,nan,0,"(nan, nan, nan)",0,"(0.4223004877567291, 0.8232048153877258)","(-42.24182891845703, 61.851985931396484, 15.675265312194824)",1,3.3428497314453125,1,"(4.971437454223633, -26.26046371459961, 796.3990478515625)",1
8583744725,924892557501,"(0.3578279912471771, 0.8361864686012268)","(-77.83085632324219, 58.06423568725586, 14.296649932861328)",1,2.8813018798828125,1,"(-53.29498291015625, -29.938745498657227, 794.4548950195312)",1,"(0.3773190677165985, 0.8488479256629944)","(-67.07173156738281, 54.369964599609375, 12.952042579650879)",1,3.364044189453125,1,"(4.86458683013916, -26.254783630371094, 796.1755981445312)",1
8583761048,924892573824,"(0.34606048464775085, 0.8174351453781128)","(-84.32657623291016, 63.53546142578125, 16.287975311279297)",1,2.897064208984375,1,"(-53.31999206542969, -29.928085327148438, 794.4323120117188)",1,"(0.3559076189994812, 0.8435741066932678)","(-78.89091491699219, 55.90869903564453, 13.512120246887207)",1,3.3551025390625,1,"(4.795090198516846, -26.23540496826172, 796.0565795898438)",1
8583777973,924892590749,"(0.3443034589290619, 0.8089715242385864)","(-85.29643249511719, 66.00493621826172, 17.186784744262695)",1,2.85595703125,1,"(-53.31624221801758, -29.923654556274414, 794.4720458984375)",1,"(0.36171722412109375, 0.8339430689811707)","(-75.6839828491211, 58.718833923339844, 14.534905433654785)",1,3.3378143310546875,1,"(4.801262855529785, -26.227020263671875, 796.092041015625)",1
8583794544,924892607321,"(0.34474989771842957, 0.8051855564117432)","(-85.05000305175781, 67.10958099365234, 17.58885955810547)",1,2.86627197265625,1,"(-53.300296783447266, -29.89508056640625, 794.4805908203125)",1,"(0.35847604274749756, 0.839229166507721)","(-77.4731216430664, 57.17646789550781, 13.97353458404541)",1,3.3222808837890625,1,"(4.820519924163818, -26.213083267211914, 796.12109375)",1
8583810967,924892623744,"(0.3428140878677368, 0.8254290819168091)","(-86.11860656738281, 61.2030143737793, 15.439037322998047)",1,2.9113006591796875,1,"(-53.31831359863281, -29.86756134033203, 794.9595336914062)",1,"(0.35025647282600403, 0.8404511213302612)","(-82.01033782958984, 56.819942474365234, 13.843729972839355)",1,3.3290863037109375,1,"(4.851048946380615, -26.204439163208008, 796.5863037109375)",1
8583827939,924892640716,"(0.3406299650669098, 0.8276099562644958)","(-87.3242416381836, 60.566688537597656, 15.207423210144043)",1,2.8839569091796875,1,"(-53.326698303222656, -29.83754539489746, 795.1821899414062)",1,"(0.3471260070800781, 0.851837158203125)","(-83.7383804321289, 53.497745513916016, 12.63452434539795)",1,3.313079833984375,1,"(4.862029552459717, -26.17716407775879, 796.8579711914062)",1
8583844460,924892657237,"(0.33971214294433594, 0.8356940150260925)","(-87.83085632324219, 58.20793914794922, 14.3489351272583)",1,2.8829498291015625,1,"(-53.352874755859375, -29.80683135986328, 795.5033569335938)",1,"(0.3512781858444214, 0.848700225353241)","(-81.44635009765625, 54.41304397583008, 12.967692375183105)",1,3.3274078369140625,1,"(4.867671966552734, -26.160030364990234, 797.1507568359375)",1
8583860888,924892673666,"(0.3352411985397339, 0.8350384831428528)","(-90.2988510131836, 58.39921951293945, 14.418521881103516)",1,2.892303466796875,1,"(-53.393096923828125, -29.809486389160156, 795.8316650390625)",1,"(0.3505336344242096, 0.8522272706031799)","(-81.85736846923828, 53.383941650390625, 12.593165397644043)",1,3.333160400390625,1,"(4.858005046844482, -26.147438049316406, 797.4764404296875)",1
8583877809,924892690587,"(0.3342679738998413, 0.8330022692680359)","(-90.83606719970703, 58.99335479736328, 14.634781837463379)",1,2.88299560546875,1,"(-53.41766357421875, -29.815458297729492, 796.0413818359375)",1,"(0.3436555862426758, 0.8468243479728699)","(-85.65408325195312, 54.96036911010742, 13.166937828063965)",1,3.315673828125,1,"(4.850009441375732, -26.150531768798828, 797.7280883789062)",1
8583894375,924892707153,"(0.3311033546924591, 0.8244240880012512)","(-92.58293151855469, 61.4962158203125, 15.545825004577637)",1,2.8661651611328125,1,"(-53.493019104003906, -29.85236358642578, 796.5798950195312)",1,"(0.3511761426925659, 0.8465832471847534)","(-81.5027084350586, 55.030731201171875, 13.192551612854004)",1,3.3463592529296875,1,"(4.821080207824707, -26.158100128173828, 798.2357177734375)",1
8583910807,924892723585,"(0.3389102816581726, 0.8235592842102051)","(-88.27348327636719, 61.74858474731445, 15.637619972229004)",1,2.88323974609375,1,"(-53.57072830200195, -29.917724609375, 797.2346801757812)",1,"(0.3557472825050354, 0.8516162633895874)","(-78.97940826416016, 53.562217712402344, 12.658047676086426)",1,3.3506622314453125,1,"(4.797251224517822, -26.193326950073242, 798.8671875)",1
8583927775,924892740554,"(0.3402663469314575, 0.811161458492279)","(-87.52494049072266, 65.36598205566406, 16.954221725463867)",1,2.8661041259765625,1,"(-53.60052490234375, -29.966398239135742, 797.4893188476562)",1,"(0.3494572341442108, 0.8391984105110168)","(-82.45153045654297, 57.18544006347656, 13.976761817932129)",1,3.3467254638671875,1,"(4.7910051345825195, -26.22180938720703, 799.1793823242188)",1
8583944290,924892757069,"(0.3415724039077759, 0.8049341440200806)","(-86.80398559570312, 67.1829605102539, 17.615528106689453)",1,2.8556060791015625,1,"(-53.637447357177734, -30.018564224243164, 797.8545532226562)",1,"(0.34687867760658264, 0.8440656661987305)","(-83.87491607666016, 55.76530456542969, 13.459915161132812)",1,3.355010986328125,1,"(4.792142868041992, -26.248111724853516, 799.5054931640625)",1
8583960727,924892773506,"(0.3402306139469147, 0.8207096457481384)","(-87.54467010498047, 62.58001708984375, 15.940216064453125)",1,2.8989105224609375,1,"(-53.635841369628906, -30.0272216796875, 798.09765625)",1,"(0.34345611929893494, 0.846168577671051)","(-85.7641830444336, 55.15170669555664, 13.236580848693848)",1,3.364410400390625,1,"(4.807136535644531, -26.259641647338867, 799.744873046875)",1
8583977644,924892790424,"(0.34077170491218567, 0.814747154712677)","(-87.2459716796875, 64.31970977783203, 16.573436737060547)",1,2.9145965576171875,1,"(-53.627586364746094, -30.026012420654297, 798.1616821289062)",1,"(0.3512832224369049, 0.8462627530097961)","(-81.44358825683594, 55.12424087524414, 13.226563453674316)",1,3.3478546142578125,1,"(4.826505184173584, -26.260751724243164, 799.8204345703125)",1
8583994205,924892806985,"(0.3313036262989044, 0.8173782825469971)","(-92.47239685058594, 63.55206298828125, 16.294036865234375)",1,2.882781982421875,1,"(-53.5920524597168, -29.998268127441406, 798.1299438476562)",1,"(0.3470146656036377, 0.8450232148170471)","(-83.79983520507812, 55.48591232299805, 13.358180046081543)",1,3.328704833984375,1,"(4.861774444580078, -26.259780883789062, 799.7872314453125)",1
8584010653,924892823433,"(0.34933948516845703, 0.8342953324317932)","(-82.51655578613281, 58.616050720214844, 14.497490882873535)",1,2.90435791015625,1,"(-53.5360107421875, -29.984413146972656, 798.2037963867188)",1,"(0.3599052429199219, 0.8488044142723083)","(-76.68419647216797, 54.38261795043945, 12.9566068649292)",1,3.3233184814453125,1,"(4.938721656799316, -26.271944046020508, 799.8475341796875)",1
8584027609,924892840389,"(0.3768007159233093, 0.8402082920074463)","(-67.35781860351562, 56.890785217285156, 13.869536399841309)",1,2.93359375,1,"(-53.455726623535156, -29.974674224853516, 798.2025146484375)",1,"(0.3992305099964142, 0.8535115718841553)","(-54.97654724121094, 53.00922393798828, 12.456748962402344)",1,3.326171875,1,"(5.057314872741699, -26.27103042602539, 799.8419189453125)",1
8584044217,924892856998,"(0.45406803488731384, 0.8232594728469849)","(-24.706008911132812, 61.836029052734375, 15.669456481933594)",1,2.909576416015625,1,"(-53.202552795410156, -29.938962936401367, 798.5836181640625)",1,"(0.48153504729270935, 0.845798909664154)","(-9.544130325317383, 55.25957489013672, 13.275811195373535)",1,3.3310089111328125,1,"(5.313368320465088, -26.248226165771484, 800.1734619140625)",1
8584060573,924892873354,"(0.4832134544849396, 0.874304473400116)","(-8.61764144897461, 46.942298889160156, 10.248598098754883)",1,3.0565948486328125,1,"(-53.02070999145508, -29.851318359375, 798.3458251953125)",1,"(0.49660542607307434, 0.8379398584365845)","(-1.2252318859100342, 57.552642822265625, 14.110438346862793)",1,3.337677001953125,1,"(5.467874526977539, -26.195133209228516, 799.9988403320312)",1
8584077479,924892890260,"(0.4872741103172302, 0.8801618218421936)","(-6.37616491317749, 45.233272552490234, 9.626566886901855)",1,2.8981170654296875,1,"(-53.03288269042969, -29.82866096496582, 798.204833984375)",1,"(0.5176891684532166, 0.8311251997947693)","(10.41302490234375, 59.54100799560547, 14.834138870239258)",1,3.3462066650390625,1,"(5.451541900634766, -26.15756607055664, 799.83642578125)",1
8584094229,924892907010,"(0.43774545192718506, 0.9065493941307068)","(-33.71615982055664, 37.534027099609375, 6.824249744415283)",1,3.108551025390625,1,"(-53.16366195678711, -29.816408157348633, 798.2285766601562)",1,"(0.517429769039154, 0.8433729410171509)","(10.269865989685059, 55.967437744140625, 13.533445358276367)",1,3.333953857421875,1,"(5.340832233428955, -26.139888763427734, 799.7460327148438)",1
8584110483,924892923265,"(0.46424543857574463, 0.9151813983917236)","(-19.088071823120117, 35.015438079833984, 5.9075236320495605)",1,2.73968505859375,1,"(-53.37520217895508, -29.810129165649414, 797.774658203125)",1,"(0.4851471483707428, 0.8309008479118347)","(-7.550253868103027, 59.606441497802734, 14.857953071594238)",1,3.3364410400390625,1,"(5.166027545928955, -26.15398406982422, 799.4671020507812)",1
8584127445,924892940227,"(nan, nan)","(nan, nan, nan)",0,nan,0,"(nan, nan, nan)",0,"(0.4717837870121002, 0.8458232879638672)","(-14.926874160766602, 55.25244140625, 13.273216247558594)",1,3.297210693359375,1,"(5.043688774108887, -26.138755798339844, 798.9384155273438)",1
8584144241,924892957023,"(0.45284023880958557, 0.8937073349952698)","(-25.383804321289062, 41.281009674072266, 8.188105583190918)",1,2.85968017578125,1,"(-53.57987976074219, -29.821714401245117, 796.6358642578125)",1,"(0.45222172141075134, 0.8620378375053406)","(-25.72517204284668, 50.52143096923828, 11.551238059997559)",1,3.2714996337890625,1,"(4.875128269195557, -26.131006240844727, 798.2739868164062)",1
8584160408,924892973191,"(0.3938782215118408, 0.8812715411186218)","(-57.9310188293457, 44.90950012207031, 9.5087308883667)",1,2.8646240234375,1,"(-53.829280853271484, -29.863853454589844, 796.6109008789062)",1,"(0.3991542160511017, 0.886103093624115)","(-55.01862716674805, 43.49979019165039, 8.99560832977295)",1,3.2926025390625,1,"(4.609780311584473, -26.13751983642578, 798.3530883789062)",1
8584177411,924892990194,"(nan, nan)","(nan, nan, nan)",0,nan,0,"(nan, nan, nan)",0,"(0.37861940264701843, 0.8901063799858093)","(-66.35394287109375, 42.33172607421875, 8.570464134216309)",1,3.2723846435546875,1,"(4.4699554443359375, -26.124492645263672, 798.1355590820312)",1
8584194157,924893006940,"(0.3922848403453827, 0.8860225677490234)","(-58.8105583190918, 43.523250579833984, 9.004114151000977)",1,2.9058685302734375,1,"(-54.0732536315918, -29.919898986816406, 796.372314453125)",1,"(0.3684067130088806, 0.8785302639007568)","(-71.99139404296875, 45.70935821533203, 9.799850463867188)",1,3.243194580078125,1,"(4.365527153015137, -26.133691787719727, 798.0121459960938)",1
8584210333,924893023116,"(0.38890087604522705, 0.8818738460540771)","(-60.678524017333984, 44.73374938964844, 9.444705963134766)",1,2.9189453125,1,"(-54.162166595458984, -29.953044891357422, 796.4304809570312)",1,"(0.3634851276874542, 0.8828771114349365)","(-74.70809936523438, 44.44102096557617, 9.338220596313477)",1,3.262969970703125,1,"(4.29518985748291, -26.146879196166992, 798.13818359375)",1
8584227377,924893040161,"(nan, nan)","(nan, nan, nan)",0,nan,0,"(nan, nan, nan)",0,"(0.3658806383609772, 0.8751823306083679)","(-73.38578796386719, 46.6861572265625, 10.155379295349121)",1,3.3148651123046875,1,"(4.249089241027832, -26.170852661132812, 798.2784423828125)",1
8584244073,924893056857,"(0.3872111439704895, 0.8843019008636475)","(-61.61125946044922, 44.025306701660156, 9.186899185180664)",1,2.905059814453125,1,"(-54.27433776855469, -30.010826110839844, 796.8425903320312)",1,"(0.36334681510925293, 0.8810333609580994)","(-74.784423828125, 44.97898864746094, 9.534016609191895)",1,3.3038482666015625,1,"(4.220810890197754, -26.1956844329834, 798.51220703125)",1
8584260253,924893073037,"(0.3781816065311432, 0.8737587332725525)","(-66.59559631347656, 47.10158920288086, 10.306488037109375)",1,2.894378662109375,1,"(-54.29129409790039, -30.008516311645508, 796.888427734375)",1,"(0.3657393753528595, 0.8836286664009094)","(-73.46375274658203, 44.22175598144531, 9.258400917053223)",1,3.3151397705078125,1,"(4.217581272125244, -26.204029083251953, 798.5703125)",1
8584277343,924893090127,"(nan, nan)","(nan, nan, nan)",0,nan,0,"(nan, nan, nan)",0,"(0.3645114302635193, 0.880774199962616)","(-74.1415786743164, 45.054630279541016, 9.561515808105469)",1,3.30889892578125,1,"(4.2181782722473145, -26.214439392089844, 798.6705322265625)",1
8584293891,924893106676,"(0.37453150749206543, 0.8719078898429871)","(-68.61045837402344, 47.6416015625, 10.503095626831055)",1,2.90179443359375,1,"(-54.33879089355469, -30.02557945251465, 797.100341796875)",1,"(0.36566397547721863, 0.8720726370811462)","(-73.5053482055664, 47.5935173034668, 10.485628128051758)",1,3.3034515380859375,1,"(4.208382606506348, -26.2435245513916, 798.8015747070312)",1
8584310173,924893122958,"(0.37766602635383606, 0.8657005429267883)","(-66.88018798828125, 49.452762603759766, 11.162358283996582)",1,2.8944244384765625,1,"(-54.38572692871094, -30.064668655395508, 797.305419921875)",1,"(0.3629603087902069, 0.8770623207092285)","(-74.9978256225586, 46.137657165527344, 9.955756187438965)",1,3.3226776123046875,1,"(4.18301248550415, -26.27507972717285, 799.0040283203125)",1
8584327212,924893139997,"(nan, nan)","(nan, nan, nan)",0,nan,0,"(nan, nan, nan)",0,"(0.36469438672065735, 0.8668537735939026)","(-74.04059600830078, 49.11626434326172, 11.039864540100098)",1,3.3197021484375,1,"(4.157041549682617, -26.3156795501709, 799.1492309570312)",1
8584343710,924893156496,"(0.3762914836406708, 0.8688517212867737)","(-67.63895416259766, 48.53330612182617, 10.827676773071289)",1,2.8857421875,1,"(-54.48344802856445, -30.113100051879883, 797.61279296875)",1,"(0.36789944767951965, 0.8659829497337341)","(-72.27135467529297, 49.37034225463867, 11.13229751586914)",1,3.328582763671875,1,"(4.115339756011963, -26.343650817871094, 799.327392578125)",1
8584360093,924893172879,"(0.4218233823776245, 0.8711448907852173)","(-42.50517654418945, 47.86423110961914, 10.584078788757324)",1,2.8461151123046875,1,"(-54.33807373046875, -30.169849395751953, 797.728515625)",1,"(0.4304911494255066, 0.8563281297683716)","(-37.72050857543945, 52.18739700317383, 12.157617568969727)",1,3.3043365478515625,1,"(4.213199138641357, -26.369089126586914, 799.3888549804688)",1
8584377082,924893189868,"(0.466993510723114, 0.8730252385139465)","(-17.571125030517578, 47.31557846069336, 10.384428024291992)",1,2.89251708984375,1,"(-54.14720153808594, -30.202125549316406, 797.5673828125)",1,"(0.5187431573867798, 0.8735451698303223)","(10.994865417480469, 47.16387176513672, 10.329219818115234)",1,3.2608795166015625,1,"(4.433070182800293, -26.370670318603516, 799.2464599609375)",1
8584393722,924893206508,"(0.6000452041625977, 0.8699643015861511)","(55.873863220214844, 48.20869827270508, 10.70952320098877)",1,2.923828125,1,"(-53.70901107788086, -30.199352264404297, 797.1397094726562)",1,"(nan, nan)","(nan, nan, nan)",0,nan,0,"(nan, nan, nan)",0
8584410013,924893222800,"(0.6338448524475098, 0.8875905275344849)","(74.53140258789062, 43.06580352783203, 8.837645530700684)",1,2.9474029541015625,1,"(-53.53960037231445, -30.178997039794922, 797.1224975585938)",1,"(0.647041916847229, 0.8902609348297119)","(81.81620025634766, 42.2866325378418, 8.554048538208008)",1,3.1769561767578125,1,"(4.921265125274658, -26.339874267578125, 798.7699584960938)",1
8584427048,924893239835,"(0.6278586983680725, 0.8719866871833801)","(71.2270278930664, 47.61859130859375, 10.494744300842285)",1,2.9503936767578125,1,"(-53.51827621459961, -30.163808822631836, 796.7825927734375)",1,"(0.6433854699134827, 0.8855488896369934)","(79.79784393310547, 43.661476135253906, 9.054452896118164)",1,3.21856689453125,1,"(4.920322895050049, -26.325645446777344, 798.465087890625)",1
8584443734,924893256521,"(0.6367554068565369, 0.9007021188735962)","(76.13798522949219, 39.2401123046875, 7.445231914520264)",1,3.0136260986328125,1,"(-53.50469207763672, -30.136791229248047, 796.5569458007812)",1,"(nan, nan)","(nan, nan, nan)",0,nan,0,"(nan, nan, nan)",0
8584459928,924893272715,"(0.6465986371040344, 0.901529848575592)","(81.571533203125, 38.998600006103516, 7.357277870178223)",1,2.940765380859375,1,"(-53.473445892333984, -30.095542907714844, 796.2446899414062)",1,"(0.6533463597297668, 0.8915229439735413)","(85.29631805419922, 41.918365478515625, 8.4200439453125)",1,3.1754302978515625,1,"(4.954202651977539, -26.27208709716797, 797.8615112304688)",1
8584476918,924893289706,"(0.6383676528930664, 0.8955444097518921)","(77.02803039550781, 40.74503707885742, 7.992938995361328)",1,2.915069580078125,1,"(-53.453224182128906, -30.075942993164062, 796.05810546875)",1,"(0.6470860838890076, 0.8939099311828613)","(81.8405990600586, 41.221920013427734, 8.166557312011719)",1,3.183135986328125,1,"(4.961009502410889, -26.261274337768555, 797.7217407226562)",1
8584493746,924893306534,"(0.6362879872322083, 0.8906317353248596)","(75.8800277709961, 42.17841720581055, 8.514642715454102)",1,2.912078857421875,1,"(-53.41596221923828, -30.057228088378906, 795.737548828125)",1,"(nan, nan)","(nan, nan, nan)",0,nan,0,"(nan, nan, nan)",0
8584509848,924893322636,"(0.6394853591918945, 0.8896921277046204)","(77.64496612548828, 42.45259475708008, 8.614474296569824)",1,2.9117889404296875,1,"(-53.38980484008789, -30.052019119262695, 795.5489501953125)",1,"(0.6522095203399658, 0.8883065581321716)","(84.6687240600586, 42.85683822631836, 8.761624336242676)",1,3.160247802734375,1,"(4.982758522033691, -26.25815200805664, 797.1868896484375)",1
8584526786,924893339575,"(0.6438891291618347, 0.9040632247924805)","(80.07585906982422, 38.259429931640625, 7.088286399841309)",1,2.929351806640625,1,"(-53.380035400390625, -30.054588317871094, 795.4814453125)",1,"(0.6513274908065796, 0.8885113000869751)","(84.1818618774414, 42.79712677001953, 8.739867210388184)",1,3.160125732421875,1,"(4.9853515625, -26.261606216430664, 797.14013671875)",1
8584543735,924893356524,"(0.645207405090332, 0.9062123894691467)","(80.80355072021484, 37.63235092163086, 6.860056400299072)",1,2.9331207275390625,1,"(-53.358158111572266, -30.052722930908203, 795.2720947265625)",1,"(nan, nan)","(nan, nan, nan)",0,nan,0,"(nan, nan, nan)",0
8584559768,924893372557,"(0.6460344195365906, 0.9048959612846375)","(81.26011657714844, 38.01647186279297, 6.999857425689697)",1,2.929718017578125,1,"(-53.34739303588867, -30.056941986083984, 795.033447265625)",1,"(0.6499536633491516, 0.8911248445510864)","(83.42353057861328, 42.0345458984375, 8.462296485900879)",1,3.153717041015625,1,"(4.989757537841797, -26.26131820678711, 796.6561889648438)",1
8584576753,924893389542,"(0.6429122090339661, 0.893002986907959)","(79.53662109375, 41.48653793334961, 8.262828826904297)",1,2.879608154296875,1,"(-53.33438491821289, -30.049903869628906, 794.8240966796875)",1,"(0.6512700319290161, 0.8889647722244263)","(84.15015411376953, 42.66480255126953, 8.691678047180176)",1,3.1592864990234375,1,"(4.985799312591553, -26.256458282470703, 796.4840087890625)",1
8584593655,924893406445,"(0.6432642936706543, 0.8986310958862305)","(79.73094940185547, 39.84437561035156, 7.665122032165527)",1,2.9075164794921875,1,"(-53.308738708496094, -30.040695190429688, 794.3978271484375)",1,"(nan, nan)","(nan, nan, nan)",0,nan,0,"(nan, nan, nan)",0
8584609683,924893422473,"(0.6474937796592712, 0.8937411904335022)","(82.06568145751953, 41.271114349365234, 8.18447494506836)",1,2.8847503662109375,1,"(-53.291282653808594, -30.044225692749023, 793.94970703125)",1,"(0.6470203399658203, 0.894262969493866)","(81.80428314208984, 41.1189079284668, 8.129069328308105)",1,3.156219482421875,1,"(4.958988666534424, -26.23737335205078, 795.5587158203125)",1
8584626622,924893439412,"(0.6442446112632751, 0.8932796716690063)","(80.2721176147461, 41.405792236328125, 8.233489990234375)",1,2.8189239501953125,1,"(-53.291507720947266, -30.051694869995117, 793.7880859375)",1,"(0.6479309797286987, 0.8916819095611572)","(82.30696868896484, 41.87198257446289, 8.403172492980957)",1,3.1540069580078125,1,"(4.94907808303833, -26.237403869628906, 795.431396484375)",1
8584643575,924893456365,"(0.649696946144104, 0.9051017761230469)","(83.28180694580078, 37.956424713134766, 6.978024959564209)",1,2.89605712890625,1,"(-53.29820251464844, -30.03822135925293, 793.6654052734375)",1,"(nan, nan)","(nan, nan, nan)",0,nan,0,"(nan, nan, nan)",0
8584659603,924893472394,"(0.6423261761665344, 0.8987113833427429)","(79.21308898925781, 39.820945739746094, 7.6566596031188965)",1,2.8973388671875,1,"(-53.29740905761719, -30.022844314575195, 793.5111694335938)",1,"(0.6489829421043396, 0.8957945108413696)","(82.8876724243164, 40.67203903198242, 7.966391086578369)",1,3.1690673828125,1,"(4.932176113128662, -26.2318172454834, 795.1183471679688)",1
8584676491,924893489282,"(0.6444305777549744, 0.9015927910804749)","(80.37472534179688, 38.98023223876953, 7.350661277770996)",1,2.898406982421875,1,"(-53.29392623901367, -30.003337860107422, 793.3132934570312)",1,"(0.6522603034973145, 0.8931750059127808)","(84.69680786132812, 41.43632507324219, 8.244566917419434)",1,3.154541015625,1,"(4.930656433105469, -26.22941780090332, 794.9801025390625)",1
8584693495,924893506286,"(0.6456149816513062, 0.8956101536750793)","(81.02853393554688, 40.72581100463867, 7.985973358154297)",1,2.8776702880859375,1,"(-53.28130340576172, -29.980541229248047, 792.9775390625)",1,"(nan, nan)","(nan, nan, nan)",0,nan,0,"(nan, nan, nan)",0
8584709523,924893522315,"(0.645467221736908, 0.8990268111228943)","(80.94702911376953, 39.72891616821289, 7.6231255531311035)",1,2.8697052001953125,1,"(-53.260414123535156, -29.947772979736328, 792.5576782226562)",1,"(0.6478903293609619, 0.8915547728538513)","(82.2845230102539, 41.90910720825195, 8.416646957397461)",1,3.1606597900390625,1,"(4.936227321624756, -26.198169708251953, 794.155517578125)",1
8584726457,924893539249,"(0.6423837542533875, 0.8994488716125488)","(79.24491882324219, 39.60578918457031, 7.578320026397705)",1,2.8709869384765625,1,"(-53.260196685791016, -29.934173583984375, 792.3383178710938)",1,"(0.6485434174537659, 0.8987690806388855)","(82.64506530761719, 39.804107666015625, 7.650482177734375)",1,3.2516021728515625,1,"(4.9260101318359375, -26.19322395324707, 793.9738159179688)",1
8584743415,924893556207,"(0.645781934261322, 0.910057544708252)","(81.12071228027344, 36.51044464111328, 6.451716899871826)",1,2.8824310302734375,1,"(-53.29440689086914, -29.935800552368164, 792.156005859375)",1,"(nan, nan)","(nan, nan, nan)",0,nan,0,"(nan, nan, nan)",0
8584759443,924893572235,"(0.6494091153144836, 0.9040021300315857)","(83.12291717529297, 38.277252197265625, 7.094788074493408)",1,2.87908935546875,1,"(-53.34860610961914, -29.964597702026367, 791.9814453125)",1,"(0.651269793510437, 0.8943646550178528)","(84.15003204345703, 41.0892448425293, 8.118245124816895)",1,3.1579437255859375,1,"(4.809469699859619, -26.179092407226562, 793.6273193359375)",1
8584776327,924893589120,"(0.6211824417114258, 0.8983573317527771)","(67.5417251586914, 39.92426300048828, 7.694230556488037)",1,2.920806884765625,1,"(-53.450836181640625, -29.9966983795166, 792.0919189453125)",1,"(0.6303231120109558, 0.8919118642807007)","(72.58737182617188, 41.80492401123047, 8.378702163696289)",1,3.16815185546875,1,"(4.703485488891602, -26.18588638305664, 793.764892578125)",1
8584793335,924893606128,"(0.4717214107513428, 0.86418217420578)","(-14.96131706237793, 49.89580154418945, 11.323583602905273)",1,2.8652496337890625,1,"(-53.876102447509766, -30.005191802978516, 791.9708862304688)",1,"(0.5312488675117493, 0.8676040172576904)","(17.898052215576172, 48.89736557006836, 10.9601469039917)",1,3.2915496826171875,1,"(4.251560688018799, -26.180166244506836, 793.7179565429688)",1
8584809363,924893622156,"(0.364654541015625, 0.8339479565620422)","(-74.06257629394531, 58.71739959716797, 14.534420013427734)",1,2.7891845703125,1,"(-54.38059997558594, -30.009075164794922, 792.4332275390625)",1,"(0.40015527606010437, 0.8429902791976929)","(-54.466033935546875, 56.07905960083008, 13.57409954071045)",1,3.3336334228515625,1,"(3.736410617828369, -26.1769962310791, 794.1849975585938)",1
8584826293,924893639086,"(nan, nan)","(nan, nan, nan)",0,nan,0,"(nan, nan, nan)",0,"(0.3630630671977997, 0.8369179368019104)","(-74.94107055664062, 57.8508186340332, 14.21898078918457)",1,3.3116302490234375,1,"(3.581111431121826, -26.187288284301758, 794.2545166015625)",1
8584843153,924893655947,"(0.347971647977829, 0.8137989640235901)","(-83.27159118652344, 64.5964126586914, 16.674177169799805)",1,2.802978515625,1,"(-54.585784912109375, -30.06111717224121, 793.0221557617188)",1,"(0.35950902104377747, 0.8331409096717834)","(-76.90290069580078, 58.95289611816406, 14.620055198669434)",1,3.3269805908203125,1,"(3.5634913444519043, -26.207962036132812, 794.5491943359375)",1
8584859288,924893672082,"(0.3491586744785309, 0.8126190900802612)","(-82.61634826660156, 64.94068908691406, 16.7994441986084)",1,2.785308837890625,1,"(-54.61237335205078, -30.07000160217285, 793.1644897460938)",1,"(0.35137319564819336, 0.8173134326934814)","(-81.39392852783203, 63.57097244262695, 16.300935745239258)",1,3.3186798095703125,1,"(3.5690901279449463, -26.219697952270508, 794.89111328125)",1
8584876259,924893689053,"(0.3511541485786438, 0.8016984462738037)","(-81.51481628417969, 68.1270523071289, 17.95919418334961)",1,2.7999267578125,1,"(-54.61453628540039, -30.073490142822266, 793.2096557617188)",1,"(0.3592880964279175, 0.8252500295639038)","(-77.02485656738281, 61.25523376464844, 15.45807933807373)",1,3.3099517822265625,1,"(3.575835943222046, -26.22077178955078, 794.9672241210938)",1
8584892972,924893705767,"(0.35334512591362, 0.8132646083831787)","(-80.30542755126953, 64.75232696533203, 16.73086929321289)",1,2.8001708984375,1,"(-54.62058639526367, -30.06665802001953, 793.4783935546875)",1,"(0.3580378592014313, 0.8213428258895874)","(-77.7149887084961, 62.395263671875, 15.873061180114746)",1,3.307952880859375,1,"(3.5970208644866943, -26.219972610473633, 795.2055053710938)",1
8584909208,924893722003,"(0.3463439643383026, 0.8230233192443848)","(-84.17008209228516, 61.90494155883789, 15.694564819335938)",1,2.7582550048828125,1,"(-54.62034225463867, -30.03929328918457, 793.5732421875)",1,"(0.3549576997756958, 0.8088549375534058)","(-79.4152603149414, 66.03893280029297, 17.19919204711914)",1,3.327728271484375,1,"(3.617372989654541, -26.21128273010254, 795.3206787109375)",1
8584926225,924893739020,"(nan, nan)","(nan, nan, nan)",0,nan,0,"(nan, nan, nan)",0,"(0.3618909418582916, 0.8138905763626099)","(-75.58807373046875, 64.56966400146484, 16.66439437866211)",1,3.300445556640625,1,"(3.63308048248291, -26.196054458618164, 795.34716796875)",1
8584942792,924893755587,"(0.34039199352264404, 0.8240825533866882)","(-87.45557403564453, 61.59587478637695, 15.582027435302734)",1,2.735015869140625,1,"(-54.59120178222656, -29.98489761352539, 793.6441040039062)",1,"(0.3590712547302246, 0.8221633434295654)","(-77.14456939697266, 62.155879974365234, 15.78585147857666)",1,3.2819061279296875,1,"(3.6570067405700684, -26.17600440979004, 795.3857421875)",1
8584959128,924893771924,"(0.3489973247051239, 0.833115816116333)","(-82.70540618896484, 58.960182189941406, 14.6227445602417)",1,2.7780303955078125,1,"(-54.56740951538086, -29.96042823791504, 793.7838745117188)",1,"(0.3585329055786133, 0.8324096202850342)","(-77.4417495727539, 59.166263580322266, 14.697741508483887)",1,3.318817138671875,1,"(3.693873405456543, -26.152496337890625, 795.4917602539062)",1
8584976095,924893788891,"(0.3509442210197449, 0.8235229253768921)","(-81.6307373046875, 61.75918960571289, 15.641501426696777)",1,2.7795562744140625,1,"(-54.55780029296875, -29.95624351501465, 793.8860473632812)",1,"(0.35984593629837036, 0.838880717754364)","(-76.71693420410156, 57.27812194824219, 14.010509490966797)",1,3.3222808837890625,1,"(3.712686777114868, -26.134004592895508, 795.6533203125)",1
8584992707,924893805503,"(0.35526856780052185, 0.8214991688728333)","(-79.24368286132812, 62.349693298339844, 15.856415748596191)",1,2.781646728515625,1,"(-54.534828186035156, -29.94169044494629, 794.1331787109375)",1,"(0.36434879899024963, 0.8393325805664062)","(-74.23133087158203, 57.146278381347656, 13.962510108947754)",1,3.3347625732421875,1,"(3.75631046295166, -26.125734329223633, 795.8573608398438)",1
8585009047,924893821843,"(0.3540213704109192, 0.8214693665504456)","(-79.9321060180664, 62.35837173461914, 15.859554290771484)",1,2.7920074462890625,1,"(-54.49216842651367, -29.933631896972656, 794.0664672851562)",1,"(0.3650694489479065, 0.8425909280776978)","(-73.83352661132812, 56.19557571411133, 13.616558074951172)",1,3.313079833984375,1,"(3.8101284503936768, -26.113229751586914, 795.8007202148438)",1
8585025964,924893838761,"(0.3439890146255493, 0.806991457939148)","(-85.47000885009766, 66.58264923095703, 17.3971004486084)",1,2.713958740234375,1,"(-54.476619720458984, -29.937053680419922, 794.1561279296875)",1,"(0.35924726724624634, 0.8540337085723877)","(-77.04740142822266, 52.856834411621094, 12.40135383605957)",1,3.3408660888671875,1,"(3.8394570350646973, -26.10820770263672, 795.9287719726562)",1
8585042622,924893855419,"(0.3525068163871765, 0.8135254383087158)","(-80.76815032958984, 64.67620849609375, 16.703208923339844)",1,2.76263427734375,1,"(-54.47175979614258, -29.9510440826416, 794.631591796875)",1,"(0.35486966371536255, 0.8494083881378174)","(-79.46385192871094, 54.2064208984375, 12.89251708984375)",1,3.327301025390625,1,"(3.873318672180176, -26.122583389282227, 796.3453979492188)",1
8585058968,924893871765,"(0.3564968407154083, 0.8268924355506897)","(-78.56568145751953, 60.77605438232422, 15.283656120300293)",1,2.821075439453125,1,"(-54.48062515258789, -29.975162506103516, 795.20361328125)",1,"(0.3591495454311371, 0.8277177810668945)","(-77.10134887695312, 60.53520965576172, 15.195976257324219)",1,3.2859344482421875,1,"(3.902716636657715, -26.151708602905273, 796.8914184570312)",1
8585075833,924893888631,"(0.35478052496910095, 0.8173233866691589)","(-79.51307678222656, 63.56805419921875, 16.299888610839844)",1,2.76812744140625,1,"(-54.49365997314453, -29.9887638092041, 795.5458984375)",1,"(0.3586110770702362, 0.8302302956581116)","(-77.3985824584961, 59.802101135253906, 14.929139137268066)",1,3.30145263671875,1,"(3.9231300354003906, -26.1884822845459, 797.3626098632812)",1
8585092537,924893905335,"(0.3492909371852875, 0.8148472905158997)","(-82.5433349609375, 64.29052734375, 16.56285858154297)",1,2.7823638916015625,1,"(-54.51104736328125, -30.0418758392334, 796.508544921875)",1,"(0.36455678939819336, 0.8373613953590393)","(-74.11651611328125, 57.7214241027832, 14.171863555908203)",1,3.34283447265625,1,"(3.955777168273926, -26.242679595947266, 798.1792602539062)",1
8585108887,924893921685,"(0.3437856137752533, 0.8115091919898987)","(-85.58226776123047, 65.26448059082031, 16.917325973510742)",1,2.7648773193359375,1,"(-54.50685119628906, -30.072275161743164, 797.0589599609375)",1,"(0.3652407228946686, 0.8330166935920715)","(-73.73898315429688, 58.989139556884766, 14.633240699768066)",1,3.3525390625,1,"(3.993292808532715, -26.283023834228516, 798.7418823242188)",1
8585125799,924893938597,"(0.3466789424419403, 0.8185713291168213)","(-83.98519134521484, 63.20396041870117, 16.1673526763916)",1,2.7990570068359375,1,"(-54.49489212036133, -30.08051109313965, 797.1768188476562)",1,"(0.36502256989479065, 0.820452868938446)","(-73.85942077636719, 62.65497970581055, 15.967506408691406)",1,3.2960968017578125,1,"(4.023995399475098, -26.304912567138672, 798.9011840820312)",1
8585142453,924893955252,"(0.34853386878967285, 0.8161964416503906)","(-82.96125793457031, 63.89689636230469, 16.419511795043945)",1,2.789154052734375,1,"(-54.446067810058594, -30.08580780029297, 797.2052001953125)",1,"(0.36066934466362, 0.8141623735427856)","(-76.26240539550781, 64.49037170410156, 16.635530471801758)",1,3.296356201171875,1,"(4.075618743896484, -26.328582763671875, 798.9257202148438)",1
8585158807,924893971606,"(0.3451162874698639, 0.8162362575531006)","(-84.84778594970703, 63.88526916503906, 16.415325164794922)",1,2.7852783203125,1,"(-54.40324783325195, -30.092987060546875, 797.3278198242188)",1,"(0.36015138030052185, 0.8216544985771179)","(-76.54833221435547, 62.304344177246094, 15.83991527557373)",1,3.3200225830078125,1,"(4.12382698059082, -26.342041015625, 799.0328369140625)",1
8585175765,924893988564,"(nan, nan)","(nan, nan, nan)",0,nan,0,"(nan, nan, nan)",0,"(nan, nan)","(nan, nan, nan)",0,nan,0,"(nan, nan, nan)",0
8585192271,924894005070,"(0.3435828983783722, 0.8303219676017761)","(-85.69419860839844, 59.775413513183594, 14.919417381286621)",1,2.7770843505859375,1,"(-54.33695602416992, -30.093219757080078, 797.452392578125)",1,"(0.3659021556377411, 0.8212767839431763)","(-73.37390899658203, 62.4145622253418, 15.880049705505371)",1,3.21307373046875,1,"(4.187819957733154, -26.347957611083984, 799.1444702148438)",1
8585208727,924894021527,"(0.32663846015930176, 0.8379287123680115)","(-95.04756927490234, 57.5558967590332, 14.111642837524414)",1,2.81884765625,1,"(-54.3192138671875, -30.077730178833008, 797.0672607421875)",1,"(0.3497464656829834, 0.8284790515899658)","(-82.29188537597656, 60.31309509277344, 15.115168571472168)",1,3.30694580078125,1,"(4.164611339569092, -26.34959602355957, 798.79248046875)",1
8585225731,924894038531,"(0.3165869414806366, 0.8537089228630066)","(-100.59605407714844, 52.95159912109375, 12.435827255249023)",1,2.8667755126953125,1,"(-54.362701416015625, -30.08814239501953, 797.2168579101562)",1,"(0.32263949513435364, 0.8264006972312927)","(-97.25503540039062, 60.91953659057617, 15.335877418518066)",1,3.29473876953125,1,"(4.131988048553467, -26.358158111572266, 798.9828491210938)",1
8585242283,924894055083,"(0.3121461570262909, 0.8516838550567627)","(-103.04742431640625, 53.542518615722656, 12.650845527648926)",1,2.8887786865234375,1,"(-54.417789459228516, -30.104108810424805, 797.6636962890625)",1,"(0.3219933807849884, 0.8214845061302185)","(-97.61168670654297, 62.353939056396484, 15.8579740524292)",1,3.322540283203125,1,"(4.090231418609619, -26.36136817932129, 799.3705444335938)",1
8585258647,924894071448,"(0.30760690569877625, 0.8398901224136353)","(-105.55307006835938, 56.98360061645508, 13.903332710266113)",1,2.8311614990234375,1,"(-54.377418518066406, -30.09193992614746, 797.53466796875)",1,"(0.32458505034446716, 0.8268124461174011)","(-96.18106842041016, 60.79936218261719, 15.292140007019043)",1,3.2447967529296875,1,"(4.113681316375732, -26.342559814453125, 799.2801513671875)",1
8585275697,924894088498,"(0.30544623732566833, 0.8357090353965759)","(-106.74575805664062, 58.203514099121094, 14.347354888916016)",1,2.82562255859375,1,"(-54.3507194519043, -30.085908889770508, 797.4786376953125)",1,"(nan, nan)","(nan, nan, nan)",0,nan,0,"(nan, nan, nan)",0
8585292102,924894104903,"(0.3058664798736572, 0.8309580683708191)","(-106.51378631591797, 59.58977127075195, 14.851901054382324)",1,2.838714599609375,1,"(-54.28928756713867, -30.07493019104004, 797.435546875)",1,"(0.32002151012420654, 0.8200958967208862)","(-98.70014190673828, 62.75907897949219, 16.00547218322754)",1,3.2379608154296875,1,"(4.174236297607422, -26.334482192993164, 799.1732788085938)",1
8585308573,924894121374,"(0.30747854709625244, 0.8329968452453613)","(-105.62393951416016, 58.99492645263672, 14.635421752929688)",1,2.830657958984375,1,"(-54.238277435302734, -30.066741943359375, 797.3650512695312)",1,"(0.3169909417629242, 0.8151264190673828)","(-100.3730239868164, 64.2090835571289, 16.533218383789062)",1,3.298675537109375,1,"(4.219866752624512, -26.336950302124023, 799.0786743164062)",1
8585325663,924894138465,"(0.3091452419757843, 0.8407288193702698)","(-104.70391082763672, 56.73891067504883, 13.814302444458008)",1,2.8538818359375,1,"(-54.20431137084961, -30.062604904174805, 797.2825927734375)",1,"(0.32004252076148987, 0.826564610004425)","(-98.68856048583984, 60.87167739868164, 15.318449020385742)",1,3.3074188232421875,1,"(4.257189750671387, -26.320798873901367, 798.9723510742188)",1
8585342018,924894154820,"(0.3141319751739502, 0.8416171073913574)","(-101.95121765136719, 56.47972869873047, 13.719952583312988)",1,2.86444091796875,1,"(-54.11958694458008, -30.041912078857422, 797.0471801757812)",1,"(0.3171809911727905, 0.8302419781684875)","(-100.26811981201172, 59.79873275756836, 14.927907943725586)",1,3.31158447265625,1,"(4.327749729156494, -26.313982009887695, 798.7489624023438)",1
8585358493,924894171295,"(0.30063629150390625, 0.829631507396698)","(-109.40087127685547, 59.97685241699219, 14.992801666259766)",1,2.837677001953125,1,"(-53.99685287475586, -30.022193908691406, 796.91015625)",1,"(0.32069337368011475, 0.8309471607208252)","(-98.32929229736328, 59.59294891357422, 14.85305118560791)",1,3.2230682373046875,1,"(4.410366535186768, -26.303373336791992, 798.623779296875)",1
8585375532,924894188334,"(0.31952252984046936, 0.8311170339584351)","(-98.9755859375, 59.543418884277344, 14.835031509399414)",1,2.7979278564453125,1,"(-53.91547775268555, -30.03035545349121, 796.93408203125)",1,"(0.34715673327445984, 0.8558483719825745)","(-83.721435546875, 52.32737350463867, 12.208609580993652)",1,3.3529510498046875,1,"(4.544900417327881, -26.328710556030273, 798.578125)",1
8585392030,924894204833,"(0.4394475817680359, 0.8668196201324463)","(-32.776554107666016, 49.12622833251953, 11.04344654083252)",1,2.7180328369140625,1,"(-53.4277229309082, -30.133054733276367, 797.5130004882812)",1,"(0.47989600896835327, 0.9047194123268127)","(-10.44888973236084, 38.067962646484375, 7.0186076164245605)",1,3.4035186767578125,1,"(4.981539726257324, -26.41246223449707, 798.96533203125)",1
8585408413,924894221216,"(0.5736921429634094, 0.8864619731903076)","(41.32685852050781, 43.39507293701172, 8.95745849609375)",1,2.8499298095703125,1,"(-52.84189224243164, -30.137901306152344, 796.5193481445312)",1,"(0.60817950963974, 0.9210273623466492)","(60.36405944824219, 33.30967330932617, 5.286665439605713)",1,3.3573455810546875,1,"(5.472843170166016, -26.42438507080078, 798.1493530273438)",1
8585425402,924894238205,"(0.6084319353103638, 0.8731520175933838)","(60.50336837768555, 47.27861404418945, 10.370919227600098)",1,2.8033294677734375,1,"(-52.62699890136719, -30.144582748413086, 796.4544677734375)",1,"(0.6391633749008179, 0.9108139276504517)","(77.46721649169922, 36.28974151611328, 6.371320724487305)",1,3.1798095703125,1,"(5.659776210784912, -26.449146270751953, 798.0548095703125)",1
8585442042,924894254846,"(nan, nan)","(nan, nan, nan)",0,nan,0,"(nan, nan, nan)",0,"(0.6565967798233032, 0.9228461980819702)","(87.09050750732422, 32.77897262573242, 5.0936126708984375)",1,3.263824462890625,1,"(5.832632541656494, -26.461040496826172, 797.8109741210938)",1
8585458323,924894271127,"(0.6435691118240356, 0.9127197265625)","(79.89923095703125, 35.733665466308594, 6.168948650360107)",1,2.9030303955078125,1,"(-52.375511169433594, -30.133636474609375, 796.0813598632812)",1,"(0.6565826535224915, 0.9166796207427979)","(87.08273315429688, 34.57823944091797, 5.748437881469727)",1,3.2865753173828125,1,"(5.894664287567139, -26.46434211730957, 797.6329956054688)",1
8585475272,924894288076,"(0.6491613388061523, 0.9154658317565918)","(82.98617553710938, 34.93243408203125, 5.877319812774658)",1,2.864288330078125,1,"(-52.35703659057617, -30.124446868896484, 796.0551147460938)",1,"(0.66508549451828, 0.9148682355880737)","(91.77632141113281, 35.106788635253906, 5.940794944763184)",1,3.269775390625,1,"(5.930713653564453, -26.463958740234375, 797.6378173828125)",1
8585492054,924894304858,"(0.652736485004425, 0.8974306583404541)","(84.95963287353516, 40.194644927978516, 7.7926506996154785)",1,2.8882904052734375,1,"(-52.30548858642578, -30.09984016418457, 796.0133666992188)",1,"(0.660751223564148, 0.9199038147926331)","(89.38379669189453, 33.637516021728516, 5.4060468673706055)",1,3.275848388671875,1,"(6.004978179931641, -26.45075225830078, 797.5822143554688)",1
8585508243,924894321048,"(0.6515276432037354, 0.9073460698127747)","(84.2923355102539, 37.30156707763672, 6.739652156829834)",1,2.901092529296875,1,"(-52.234004974365234, -30.058656692504883, 795.7759399414062)",1,"(0.6579809784889221, 0.927219808101654)","(87.85458374023438, 31.50288963317871, 4.62912130355835)",1,3.280517578125,1,"(6.072187900543213, -26.420654296875, 797.3568725585938)",1
8585525141,924894337946,"(0.6534476280212402, 0.9267572164535522)","(85.3521499633789, 31.63786506652832, 4.678245544433594)",1,2.8714141845703125,1,"(-52.205467224121094, -30.042251586914062, 795.6293334960938)",1,"(0.661855936050415, 0.9192243218421936)","(89.99359893798828, 33.835784912109375, 5.4781951904296875)",1,3.275787353515625,1,"(6.103195667266846, -26.415964126586914, 797.1577758789062)",1
8585542066,924894354871,"(0.6543921828269958, 0.9255829453468323)","(85.87359619140625, 31.980466842651367, 4.802897930145264)",1,2.9235382080078125,1,"(-52.15226364135742, -30.017040252685547, 795.4815063476562)",1,"(0.6691779494285583, 0.9216264486312866)","(94.03536987304688, 33.13489532470703, 5.2230610847473145)",1,3.2881011962890625,1,"(6.134620666503906, -26.391706466674805, 797.0428466796875)",1
8585558163,924894370968,"(0.6571345925331116, 0.9243159890174866)","(87.3874282836914, 32.350135803222656, 4.93748140335083)",1,2.9277496337890625,1,"(-52.12202072143555, -30.005033493041992, 795.3194580078125)",1,"(0.6673635244369507, 0.9208123683929443)","(93.0337905883789, 33.372474670410156, 5.309511184692383)",1,3.29559326171875,1,"(6.15726900100708, -26.384485244750977, 796.8892822265625)",1
8585575010,924894387816,"(0.6558487415313721, 0.9276167154312134)","(86.67762756347656, 31.387086868286133, 4.586973667144775)",1,2.8794403076171875,1,"(-52.10788345336914, -30.00548553466797, 795.1782836914062)",1,"(0.6672620177268982, 0.9210754632949829)","(92.9778060913086, 33.295677185058594, 5.28161096572876)",1,3.3059844970703125,1,"(6.160913944244385, -26.393815994262695, 796.7109375)",1
8585592055,924894404861,"(0.6533190011978149, 0.908288836479187)","(85.28119659423828, 37.026485443115234, 6.639480113983154)",1,2.8931884765625,1,"(-52.095821380615234, -30.02813720703125, 794.9393310546875)",1,"(0.6713378429412842, 0.9195085763931274)","(95.22764587402344, 33.752845764160156, 5.447982311248779)",1,3.3152313232421875,1,"(6.1493940353393555, -26.43543815612793, 796.4930419921875)",1
8585608083,924894420889,"(0.657392680644989, 0.9022527933120728)","(87.52983856201172, 38.78770065307617, 7.280543804168701)",1,2.8635101318359375,1,"(-52.104434967041016, -30.09780502319336, 794.94384765625)",1,"(0.6668103933334351, 0.9232912063598633)","(92.72850799560547, 32.649139404296875, 5.046304702758789)",1,3.3226776123046875,1,"(6.13395881652832, -26.481761932373047, 796.4968872070312)",1
8585624879,924894437686,"(0.6569733023643494, 0.9031124711036682)","(87.29835510253906, 38.536834716796875, 7.189242839813232)",1,2.8579864501953125,1,"(-52.119483947753906, -30.153087615966797, 795.0134887695312)",1,"(0.6654454469680786, 0.9174174070358276)","(91.97505187988281, 34.362998962402344, 5.670087814331055)",1,3.313385009765625,1,"(6.114351272583008, -26.526216506958008, 796.5943603515625)",1
8585641925,924894454732,"(0.6637797951698303, 0.9135662913322449)","(91.0555419921875, 35.48665237426758, 6.0790557861328125)",1,2.929962158203125,1,"(-52.153465270996094, -30.199962615966797, 795.0403442382812)",1,"(0.6642753481864929, 0.9122964143753052)","(91.32915496826172, 35.857181549072266, 6.213921070098877)",1,3.2964324951171875,1,"(6.08089542388916, -26.560205459594727, 796.60693359375)",1
8585658003,924894470810,"(0.6580204963684082, 0.9233260154724121)","(87.87639617919922, 32.639007568359375, 5.0426154136657715)",1,2.9287109375,1,"(-52.19151306152344, -30.241622924804688, 795.0466918945312)",1,"(0.6561882495880127, 0.913137674331665)","(86.86502838134766, 35.611724853515625, 6.124541759490967)",1,3.3077239990234375,1,"(6.052135467529297, -26.58953094482422, 796.6138916015625)",1
8585674845,924894487652,"(0.6564058661460876, 0.9042854309082031)","(86.98515319824219, 38.19462203979492, 7.064718246459961)",1,2.90557861328125,1,"(-52.235164642333984, -30.25497817993164, 795.0909423828125)",1,"(0.658047080039978, 0.9251967668533325)","(87.8911361694336, 32.0931510925293, 4.8439249992370605)",1,3.3370361328125,1,"(6.013753414154053, -26.603107452392578, 796.6597900390625)",1
8585691895,924894504703,"(0.6587393283843994, 0.9139533638954163)","(88.27325439453125, 35.37371063232422, 6.037960529327393)",1,2.921630859375,1,"(-52.30965805053711, -30.286243438720703, 795.3186645507812)",1,"(0.6570118069648743, 0.9208362102508545)","(87.31967163085938, 33.36544418334961, 5.307033061981201)",1,3.3307647705078125,1,"(5.926769733428955, -26.622724533081055, 796.8966064453125)",1
8585707923,924894520731,"(0.6578788757324219, 0.92974853515625)","(87.79828643798828, 30.765045166015625, 4.360536098480225)",1,2.91656494140625,1,"(-52.39364242553711, -30.288232803344727, 795.32470703125)",1,"(0.6591861844062805, 0.919978141784668)","(88.5199203491211, 33.61583709716797, 5.398112773895264)",1,3.32952880859375,1,"(5.825796127319336, -26.609331130981445, 796.9119262695312)",1
8585724811,924894537619,"(0.6743671894073486, 0.9226178526878357)","(96.89986419677734, 32.84564971923828, 5.117796897888184)",1,2.8523406982421875,1,"(-52.384765625, -30.29218292236328, 795.1641235351562)",1,"(0.6787855625152588, 0.9101030230522156)","(99.33879852294922, 36.49714660644531, 6.446824550628662)",1,3.32183837890625,1,"(5.8255743980407715, -26.600257873535156, 796.7637329101562)",1
8585741815,924894554623,"(nan, nan)","(nan, nan, nan)",0,nan,0,"(nan, nan, nan)",0,"(0.7083367109298706, 0.8966635465621948)","(115.65116119384766, 40.41845703125, 7.874100685119629)",1,3.318939208984375,1,"(5.814961910247803, -26.562957763671875, 796.7171020507812)",1
8585757843,924894570652,"(0.707128643989563, 0.9175497889518738)","(114.98428344726562, 34.32439041137695, 5.65606164932251)",1,2.8795013427734375,1,"(-52.43637466430664, -30.230876922607422, 795.1302490234375)",1,"(0.7147598266601562, 0.8975729942321777)","(119.19672393798828, 40.15311813354492, 7.777519226074219)",1,3.3050994873046875,1,"(5.716885089874268, -26.51365089416504, 796.71533203125)",1
8585774681,924894587490,"(0.7064066529273987, 0.9128545522689819)","(114.58573150634766, 35.6943473815918, 6.154665470123291)",1,2.8899993896484375,1,"(-52.474124908447266, -30.22254180908203, 795.08740234375)",1,"(0.7160627245903015, 0.8983739614486694)","(119.9159164428711, 39.9194221496582, 7.692451000213623)",1,3.3072509765625,1,"(5.662263870239258, -26.47890281677246, 796.690185546875)",1
8585791735,924894604544,"(nan, nan)","(nan, nan, nan)",0,nan,0,"(nan, nan, nan)",0,"(0.7112047672271729, 0.9060258865356445)","(117.23430633544922, 37.68675994873047, 6.879876613616943)",1,3.3248748779296875,1,"(5.579309940338135, -26.434497833251953, 796.9263916015625)",1
8585807763,924894620573,"(0.7046865224838257, 0.9175968170166016)","(113.63618469238281, 34.310611724853516, 5.651070594787598)",1,2.8761749267578125,1,"(-52.63020324707031, -30.176111221313477, 795.1087036132812)",1,"(0.7057570219039917, 0.9123144745826721)","(114.22715759277344, 35.8519287109375, 6.2120041847229)",1,3.3333282470703125,1,"(5.499136924743652, -26.387359619140625, 796.767333984375)",1
8585824647,924894637457,"(0.7039285898208618, 0.9129753708839417)","(113.21781921386719, 35.659053802490234, 6.141844749450684)",1,2.8810882568359375,1,"(-52.6446533203125, -30.1615047454834, 794.950927734375)",1,"(0.7046341300010681, 0.9174486994743347)","(113.60730743408203, 34.353878021240234, 5.666749477386475)",1,3.3476715087890625,1,"(5.446730136871338, -26.353290557861328, 796.5189208984375)",1
8585841655,924894654465,"(nan, nan)","(nan, nan, nan)",0,nan,0,"(nan, nan, nan)",0,"(0.7114765644073486, 0.9127607941627502)","(117.38433074951172, 35.72167205810547, 6.164570331573486)",1,3.332427978515625,1,"(5.355767250061035, -26.3211727142334, 796.196533203125)",1
8585857683,924894670493,"(0.7097881436347961, 0.917303204536438)","(116.45237731933594, 34.39634704589844, 5.682182312011719)",1,2.8531341552734375,1,"(-52.733219146728516, -30.069305419921875, 794.1836547851562)",1,"(0.7128401398658752, 0.9119038581848145)","(118.1370620727539, 35.971717834472656, 6.255599021911621)",1,3.317047119140625,1,"(5.291701316833496, -26.277572631835938, 795.8561401367188)",1
8585874517,924894687328,"(0.708129346370697, 0.9151265025138855)","(115.53666687011719, 35.03144836425781, 5.913355350494385)",1,2.8467559814453125,1,"(-52.73090744018555, -30.05335807800293, 794.0641479492188)",1,"(0.7118934392929077, 0.8991429805755615)","(117.61446380615234, 39.69504165649414, 7.610774993896484)",1,3.3236236572265625,1,"(5.271896839141846, -26.258747100830078, 795.6392822265625)",1
8585891575,924894704386,"(0.7047783732414246, 0.9060319662094116)","(113.68697357177734, 37.68500518798828, 6.879200458526611)",1,2.87841796875,1,"(-52.739994049072266, -30.01142120361328, 793.8577270507812)",1,"(0.7037986516952515, 0.897984504699707)","(113.14611053466797, 40.0330696105957, 7.733801364898682)",1,3.340179443359375,1,"(5.251715183258057, -26.227008819580078, 795.4700927734375)",1
8585907603,924894720414,"(0.6911473274230957, 0.9092854857444763)","(106.16252136230469, 36.735713958740234, 6.533679008483887)",1,2.8858184814453125,1,"(-52.78573226928711, -29.987953186035156, 793.837646484375)",1,"(0.6937382817268372, 0.8899865746498108)","(107.59275817871094, 42.366661071777344, 8.583187103271484)",1,3.3305206298828125,1,"(5.2239155769348145, -26.21269416809082, 795.4530029296875)",1
8585924385,924894737196,"(0.6535621285438538, 0.9108548760414124)","(85.4153823852539, 36.277767181396484, 6.367014408111572)",1,2.9143524169921875,1,"(-52.93433380126953, -29.977054595947266, 794.020751953125)",1,"(0.6585772633552551, 0.8976910710334778)","(88.18376922607422, 40.11868667602539, 7.76490592956543)",1,3.3383636474609375,1,"(5.094188690185547, -26.19045639038086, 795.656982421875)",1
8585941495,924894754307,"(0.5376303195953369, 0.8594816327095032)","(21.420639038085938, 51.267269134521484, 11.822766304016113)",1,2.839111328125,1,"(-53.316497802734375, -29.97450065612793, 794.9204711914062)",1,"(0.5672894716262817, 0.8765880465507507)","(37.79258346557617, 46.276039123535156, 10.006041526794434)",1,3.3240966796875,1,"(4.750439643859863, -26.16161346435547, 796.5728149414062)",1
8585957523,924894770335,"(0.4640137553215027, 0.8497835397720337)","(-19.215944290161133, 54.096954345703125, 12.852682113647461)",1,2.874267578125,1,"(-53.533206939697266, -29.948566436767578, 794.9846801757812)",1,"(0.4981788098812103, 0.8478431105613708)","(-0.3567185401916504, 54.66312026977539, 13.058727264404297)",1,3.3018951416015625,1,"(4.506993293762207, -26.14073944091797, 796.631103515625)",1
8585974352,924894787164,"(0.4598459303379059, 0.8620188236236572)","(-21.51658058166504, 50.526973724365234, 11.553288459777832)",1,2.907073974609375,1,"(-53.6083869934082, -29.94936180114746, 795.122314453125)",1,"(0.4781268239021301, 0.85835200548172)","(-11.425524711608887, 51.596866607666016, 11.942669868469238)",1,3.30322265625,1,"(4.444010257720947, -26.13643455505371, 796.7958374023438)",1
8585991314,924894804127,"(0.456390380859375, 0.852538526058197)","(-23.424072265625, 53.2931022644043, 12.560083389282227)",1,2.884368896484375,1,"(-53.638404846191406, -29.9669246673584, 795.3681640625)",1,"(0.4768567979335785, 0.8492575883865356)","(-12.126544952392578, 54.25040817260742, 12.90851879119873)",1,3.323822021484375,1,"(4.462588787078857, -26.174667358398438, 797.0252685546875)",1
8586007453,924894820266,"(0.4596777856349945, 0.8441850543022156)","(-21.609424591064453, 55.73044967651367, 13.447225570678711)",1,2.844024658203125,1,"(-53.64986038208008, -29.979934692382812, 795.3217163085938)",1,"(0.4690679907798767, 0.8566043972969055)","(-16.426025390625, 52.10679626464844, 12.128335952758789)",1,3.3378143310546875,1,"(4.477081298828125, -26.188825607299805, 797.0117797851562)",1
8586024318,924894837131,"(0.4576006829738617, 0.8573533296585083)","(-22.75597381591797, 51.88828659057617, 12.04878044128418)",1,2.8653717041015625,1,"(-53.643653869628906, -29.974050521850586, 795.1168823242188)",1,"(0.4705575108528137, 0.8598565459251404)","(-15.603788375854492, 51.15789031982422, 11.78296184539795)",1,3.3870086669921875,1,"(4.477996826171875, -26.19980239868164, 796.7675170898438)",1
8586041132,924894853945,"(0.448711097240448, 0.8607909083366394)","(-27.66305923461914, 50.885284423828125, 11.683661460876465)",1,2.8255767822265625,1,"(-53.640804290771484, -29.981002807617188, 794.826416015625)",1,"(0.46426013112068176, 0.8556366562843323)","(-19.079927444458008, 52.3891487121582, 12.231067657470703)",1,3.347930908203125,1,"(4.484560966491699, -26.204923629760742, 796.4981689453125)",1
8586057373,924894870187,"(0.4460746943950653, 0.8575529456138611)","(-29.118391036987305, 51.830020904541016, 12.027562141418457)",1,2.8408203125,1,"(-53.63826370239258, -29.98241424560547, 794.6494140625)",1,"(0.47529736161231995, 0.8433290719985962)","(-12.987382888793945, 55.98021697998047, 13.53810977935791)",1,3.2730560302734375,1,"(4.487727165222168, -26.202598571777344, 796.3311767578125)",1
8586074283,924894887097,"(0.4443162977695465, 0.8400803208351135)","(-30.08901596069336, 56.928104400634766, 13.883136749267578)",1,2.7768096923828125,1,"(-53.638179779052734, -29.982315063476562, 794.5974731445312)",1,"(0.4721263647079468, 0.8499889373779297)","(-14.737771987915039, 54.03703689575195, 12.83085823059082)",1,3.3007354736328125,1,"(4.495739459991455, -26.19519805908203, 796.2711181640625)",1
8586091048,924894903862,"(0.43962362408638, 0.8535978198051453)","(-32.67938232421875, 52.98402786254883, 12.447598457336426)",1,2.7982025146484375,1,"(-53.66566467285156, -29.975597381591797, 794.5567626953125)",1,"(0.4602053463459015, 0.8479951620101929)","(-21.318193435668945, 54.6187744140625, 13.042533874511719)",1,3.2993621826171875,1,"(4.485569000244141, -26.198579788208008, 796.2371215820312)",1
8586107293,924894920107,"(0.3774109184741974, 0.8459334373474121)","(-67.02099609375, 55.22030258178711, 13.2615327835083)",1,2.7948455810546875,1,"(-53.874298095703125, -29.950735092163086, 794.4706420898438)",1,"(0.3837944269180298, 0.8580449819564819)","(-63.49728775024414, 51.68648147583008, 11.975290298461914)",1,3.35601806640625,1,"(4.301645755767822, -26.173681259155273, 796.2246704101562)",1
8586124250,924894937065,"(nan, nan)","(nan, nan, nan)",0,nan,0,"(nan, nan, nan)",0,"(0.35950449109077454, 0.8632462620735168)","(-76.90542602539062, 50.16886901855469, 11.422924041748047)",1,3.3336181640625,1,"(4.198030948638916, -26.108671188354492, 795.8184204101562)",1
8586140866,924894953681,"(0.3441965878009796, 0.8424236178398132)","(-85.35543823242188, 56.244422912597656, 13.634209632873535)",1,2.7422332763671875,1,"(-53.94189453125, -29.889528274536133, 794.2673950195312)",1,"(0.3587050437927246, 0.8575987815856934)","(-77.3467025756836, 51.816654205322266, 12.022693634033203)",1,3.3367462158203125,1,"(4.198792934417725, -26.093900680541992, 795.8761596679688)",1
8586157213,924894970028,"(0.33658382296562195, 0.8433030247688293)","(-89.55769348144531, 55.987831115722656, 13.540873527526855)",1,2.73858642578125,1,"(-53.919586181640625, -29.870290756225586, 794.3016967773438)",1,"(0.3496696352958679, 0.8519517183303833)","(-82.33429718017578, 53.4643440246582, 12.622426986694336)",1,3.3444976806640625,1,"(4.248824119567871, -26.098365783691406, 796.0054321289062)",1
8586174119,924894986935,"(nan, nan)","(nan, nan, nan)",0,nan,0,"(nan, nan, nan)",0,"(0.34178024530410767, 0.852962076663971)","(-86.68925476074219, 53.169525146484375, 12.515128135681152)",1,3.34320068359375,1,"(4.279838562011719, -26.093887329101562, 796.0014038085938)",1
8586190782,924895003598,"(0.3311924338340759, 0.843967616558075)","(-92.5337905883789, 55.793907165527344, 13.470341682434082)",1,2.73114013671875,1,"(-53.900569915771484, -29.84796714782715, 794.4195556640625)",1,"(0.345294326543808, 0.8605484962463379)","(-84.74947357177734, 50.95597839355469, 11.709454536437988)",1,3.370819091796875,1,"(4.315995216369629, -26.097766876220703, 796.1103515625)",1
8586207133,924895019949,"(0.3305160701274872, 0.8376556038856506)","(-92.90713500976562, 57.635597229003906, 14.140656471252441)",1,2.7266845703125,1,"(-53.92264175415039, -29.860902786254883, 794.68505859375)",1,"(0.3505801558494568, 0.8606002926826477)","(-81.83167266845703, 50.94086456298828, 11.703937530517578)",1,3.336334228515625,1,"(4.332074165344238, -26.1099796295166, 796.3768310546875)",1
8586224085,924895036901,"(nan, nan)","(nan, nan, nan)",0,nan,0,"(nan, nan, nan)",0,"(0.34382495284080505, 0.8557069897651672)","(-85.56057739257812, 52.36866760253906, 12.22359848022461)",1,3.32672119140625,1,"(4.334037780761719, -26.125640869140625, 796.4935302734375)",1
8586240697,924895053514,"(0.3359455466270447, 0.8444375395774841)","(-89.91004180908203, 55.65676498413086, 13.420454978942871)",1,2.7342529296875,1,"(-53.984378814697266, -29.887754440307617, 794.9421997070312)",1,"(0.34504345059394836, 0.8513555526733398)","(-84.88794708251953, 53.63825988769531, 12.685691833496094)",1,3.3238983154296875,1,"(4.320982933044434, -26.149526596069336, 796.6416625976562)",1
8586257053,924895069870,"(0.33618849515914917, 0.8438723087310791)","(-89.77593231201172, 55.82170867919922, 13.480401039123535)",1,2.7466583251953125,1,"(-54.03010177612305, -29.90137481689453, 795.0623168945312)",1,"(0.34938105940818787, 0.8432596325874329)","(-82.49356842041016, 56.00047302246094, 13.545500755310059)",1,3.3183135986328125,1,"(4.304982662200928, -26.182292938232422, 796.7664794921875)",1
8586274051,924895086868,"(nan, nan)","(nan, nan, nan)",0,nan,0,"(nan, nan, nan)",0,"(0.35001352429389954, 0.8478520512580872)","(-82.14447021484375, 54.660499572753906, 13.057785034179688)",1,3.3639373779296875,1,"(4.290035247802734, -26.199460983276367, 796.7699584960938)",1
8586290517,924895103334,"(0.33829545974731445, 0.8419018983840942)","(-88.61285400390625, 56.3966064453125, 13.689675331115723)",1,2.7495269775390625,1,"(-54.09339904785156, -29.935277938842773, 794.9066162109375)",1,"(0.34138861298561096, 0.8391579389572144)","(-86.90544891357422, 57.197227478027344, 13.981077194213867)",1,3.3277435302734375,1,"(4.256619453430176, -26.220861434936523, 796.6500854492188)",1
8586306973,924895119791,"(0.3378556966781616, 0.8443099856376648)","(-88.85562133789062, 55.693973541259766, 13.43394660949707)",1,2.745819091796875,1,"(-54.14966583251953, -29.958627700805664, 794.806640625)",1,"(0.33999332785606384, 0.8457295894622803)","(-87.67565155029297, 55.27979278564453, 13.283208847045898)",1,3.3245849609375,1,"(4.212337017059326, -26.227628707885742, 796.5385131835938)",1
8586323920,924895136738,"(nan, nan)","(nan, nan, nan)",0,nan,0,"(nan, nan, nan)",0,"(0.3410016894340515, 0.8329645395278931)","(-87.11904907226562, 59.004329681396484, 14.638826370239258)",1,3.3003692626953125,1,"(4.172786235809326, -26.251371383666992, 796.5324096679688)",1
8586340529,924895153347,"(0.3415786325931549, 0.8486848473548889)","(-86.80054473876953, 54.417518615722656, 12.96930980682373)",1,2.7771453857421875,1,"(-54.278106689453125, -29.99995231628418, 794.8016357421875)",1,"(0.34434399008750916, 0.8404475450515747)","(-85.27406311035156, 56.82096481323242, 13.844141006469727)",1,3.332977294921875,1,"(4.096585750579834, -26.252304077148438, 796.5314331054688)",1
8586356893,924895169712,"(0.3361067771911621, 0.8506184220314026)","(-89.8210220336914, 53.85334014892578, 12.763957023620605)",1,2.786529541015625,1,"(-54.33696365356445, -30.033039093017578, 794.7171020507812)",1,"(0.342204749584198, 0.8488755226135254)","(-86.45494079589844, 54.361846923828125, 12.949108123779297)",1,3.3545074462890625,1,"(4.024951457977295, -26.261960983276367, 796.440185546875)",1
8586373886,924895186705,"(nan, nan)","(nan, nan, nan)",0,nan,0,"(nan, nan, nan)",0,"(0.34740740060806274, 0.849959671497345)","(-83.58304595947266, 54.045555114746094, 12.833958625793457)",1,3.3478851318359375,1,"(3.9544949531555176, -26.2759952545166, 796.5247802734375)",1
8586390443,924895203262,"(0.3283897638320923, 0.8318485021591187)","(-94.0808334350586, 59.329978942871094, 14.757301330566406)",1,2.7400665283203125,1,"(-54.47756576538086, -30.1175479888916, 794.9485473632812)",1,"(0.346074640750885, 0.8488491773605347)","(-84.31871032714844, 54.369564056396484, 12.951925277709961)",1,3.37139892578125,1,"(3.898008108139038, -26.28693199157715, 796.6759033203125)",1
8586406813,924895219632,"(0.3398972153663635, 0.8465399146080017)","(-87.72866821289062, 55.04336929321289, 13.197127342224121)",1,2.7779388427734375,1,"(-54.51347732543945, -30.127540588378906, 794.834228515625)",1,"(0.3450703024864197, 0.8434558510780334)","(-84.87312316894531, 55.94321060180664, 13.524666786193848)",1,3.3563385009765625,1,"(3.8497445583343506, -26.284000396728516, 796.580078125)",1
8586423756,924895236576,"(nan, nan)","(nan, nan, nan)",0,nan,0,"(nan, nan, nan)",0,"(0.34496140480041504, 0.8482188582420349)","(-84.9332504272461, 54.553470611572266, 13.018842697143555)",1,3.3505096435546875,1,"(3.8379995822906494, -26.28257179260254, 796.62255859375)",1
8586440262,924895253082,"(0.3374282717704773, 0.8370792269706726)","(-89.09156036376953, 57.80375671386719, 14.201841354370117)",1,2.7633209228515625,1,"(-54.54535675048828, -30.131929397583008, 795.1427612304688)",1,"(0.34408414363861084, 0.8464818000793457)","(-85.41748809814453, 55.060302734375, 13.203289985656738)",1,3.3328857421875,1,"(3.8310611248016357, -26.280208587646484, 796.8357543945312)",1
8586456733,924895269553,"(0.33368027210235596, 0.836144208908081)","(-91.16046142578125, 58.0765495300293, 14.301186561584473)",1,2.74072265625,1,"(-54.54667282104492, -30.118776321411133, 795.4575805664062)",1,"(0.34789106249809265, 0.8350051641464233)","(-83.31607818603516, 58.40894317626953, 14.422050476074219)",1,3.3334197998046875,1,"(3.8492143154144287, -26.28053092956543, 797.16162109375)",1
8586473722,924895286542,"(nan, nan)","(nan, nan, nan)",0,nan,0,"(nan, nan, nan)",0,"(0.3434026837348938, 0.8406920433044434)","(-85.7936782836914, 56.7496452331543, 13.818160057067871)",1,3.3380584716796875,1,"(3.8670051097869873, -26.267215728759766, 797.3538818359375)",1
8586490274,924895303095,"(0.3321273922920227, 0.8434417247772217)","(-92.0177001953125, 55.94735336303711, 13.526137351989746)",1,2.7642974853515625,1,"(-54.49312210083008, -30.064027786254883, 795.8753051757812)",1,"(0.33992069959640503, 0.8475977182388306)","(-87.71574401855469, 54.73473358154297, 13.084798812866211)",1,3.3359375,1,"(3.907766342163086, -26.23560905456543, 797.5787963867188)",1
8586506653,924895319474,"(0.33227401971817017, 0.8412712216377258)","(-91.9367446899414, 56.58067321777344, 13.756613731384277)",1,2.772430419921875,1,"(-54.453399658203125, -30.030990600585938, 796.11376953125)",1,"(0.338180810213089, 0.8414149880409241)","(-88.67616271972656, 56.53871154785156, 13.74134635925293)",1,3.331817626953125,1,"(3.9648289680480957, -26.21034812927246, 797.79931640625)",1
8586523688,924895336509,"(nan, nan)","(nan, nan, nan)",0,nan,0,"(nan, nan, nan)",0,"(0.35087937116622925, 0.8449147939682007)","(-81.66654205322266, 55.51755142211914, 13.369712829589844)",1,3.33544921875,1,"(3.9867377281188965, -26.19400978088379, 797.983154296875)",1
8586540190,924895353012,"(0.346621572971344, 0.843275249004364)","(-84.01683044433594, 55.995887756347656, 13.543824195861816)",1,2.79608154296875,1,"(-54.39855194091797, -30.000389099121094, 796.4526977539062)",1,"(0.3492681086063385, 0.8503716588020325)","(-82.55592346191406, 53.925331115722656, 12.79024887084961)",1,3.3400421142578125,1,"(4.040233612060547, -26.18351936340332, 798.1589965820312)",1
8586556573,924895369395,"(0.3410453498363495, 0.8350868821144104)","(-87.09491729736328, 58.385093688964844, 14.413409233093262)",1,2.772674560546875,1,"(-54.33161926269531, -29.973899841308594, 796.3757934570312)",1,"(0.34344273805618286, 0.8526254892349243)","(-85.77156829833984, 53.2677116394043, 12.550854682922363)",1,3.3133544921875,1,"(4.116429805755615, -26.160369873046875, 798.0895385742188)",1
8586573558,924895386380,"(nan, nan)","(nan, nan, nan)",0,nan,0,"(nan, nan, nan)",0,"(0.39648839831352234, 0.8564254641532898)","(-56.49018478393555, 52.15901565551758, 12.147306442260742)",1,3.3361053466796875,1,"(4.268551826477051, -26.175994873046875, 797.8569946289062)",1
8586590106,924895402928,"(0.49226099252700806, 0.8333560824394226)","(-3.623418092727661, 58.89008712768555, 14.597278594970703)",1,2.661346435546875,1,"(-53.64795684814453, -30.013473510742188, 796.399658203125)",1,"(0.5283293724060059, 0.8775616884231567)","(16.28647232055664, 45.99199676513672, 9.90268325805664)",1,3.3006591796875,1,"(4.709831714630127, -26.22406578063965, 797.8546752929688)",1
8586606493,924895419316,"(0.608423113822937, 0.912447452545166)","(60.49848556518555, 35.81310272216797, 6.197895526885986)",1,2.9037933349609375,1,"(-53.25101852416992, -30.06102752685547, 796.599853515625)",1,"(0.619567334651947, 0.9191531538963318)","(66.6501693725586, 33.8565559387207, 5.485710620880127)",1,3.3155517578125,1,"(5.160811424255371, -26.30954360961914, 798.2418823242188)",1
8586623427,924895436250,"(0.6330720782279968, 0.9239824414253235)","(74.10481262207031, 32.44744873046875, 4.972918510437012)",1,2.8779449462890625,1,"(-53.1214485168457, -30.076780319213867, 796.8171997070312)",1,"(0.6539909839630127, 0.9332112669944763)","(85.65214538574219, 29.754728317260742, 3.9927995204925537)",1,3.2977294921875,1,"(5.284980297088623, -26.332077026367188, 798.4429931640625)",1
8586640118,924895452941,"(nan, nan)","(nan, nan, nan)",0,nan,0,"(nan, nan, nan)",0,"(0.6602632999420166, 0.9395971298217773)","(89.11447143554688, 27.89146614074707, 3.3146181106567383)",1,3.3189544677734375,1,"(5.32519006729126, -26.342723846435547, 798.4548950195312)",1
8586656403,924895469226,"(0.6471808552742004, 0.9423313736915588)","(81.89290618896484, 27.093673706054688, 3.024279832839966)",1,2.8411865234375,1,"(-53.017940521240234, -30.071874618530273, 795.8295288085938)",1,"(0.667718768119812, 0.9448574185371399)","(93.22988891601562, 26.356639862060547, 2.7559847831726074)",1,3.310943603515625,1,"(5.330435276031494, -26.326152801513672, 797.4832153320312)",1
8586673296,924895486120,"(0.6513156294822693, 0.9421212673187256)","(84.17528533935547, 27.154998779296875, 3.0465705394744873)",1,2.8108367919921875,1,"(-53.010379791259766, -30.07703399658203, 795.6737670898438)",1,"(0.6642307043075562, 0.9466421604156494)","(91.30445098876953, 25.835891723632812, 2.5664708614349365)",1,3.2928009033203125,1,"(5.343263626098633, -26.32694435119629, 797.2835083007812)",1
8586690130,924895502954,"(nan, nan)","(nan, nan, nan)",0,nan,0,"(nan, nan, nan)",0,"(0.6644683480262756, 0.9470040798187256)","(91.4356689453125, 25.730268478393555, 2.528085470199585)",1,3.2969818115234375,1,"(5.350684642791748, -26.32366371154785, 796.7435302734375)",1
8586706323,924895519147,"(0.6531311869621277, 0.9312829971313477)","(85.17752075195312, 30.317340850830078, 4.197579383850098)",1,2.8079071044921875,1,"(-52.9130744934082, -30.043901443481445, 794.2763671875)",1,"(0.6618430018424988, 0.9526776075363159)","(89.98650360107422, 24.07490348815918, 1.9255475997924805)",1,3.299285888671875,1,"(5.363018989562988, -26.30435562133789, 796.0132446289062)",1
8586723165,924895535990,"(0.6503922343254089, 0.9328033924102783)","(83.66561126708984, 29.873743057250977, 4.036106109619141)",1,2.8087615966796875,1,"(-52.89019012451172, -30.03256607055664, 793.9743041992188)",1,"(0.6612100601196289, 0.946579098701477)","(89.6371078491211, 25.85428810119629, 2.5732176303863525)",1,3.28607177734375,1,"(5.368479251861572, -26.2904109954834, 795.5426025390625)",1
8586740142,924895552967,"(nan, nan)","(nan, nan, nan)",0,nan,0,"(nan, nan, nan)",0,"(0.6615945100784302, 0.956851065158844)","(89.84925842285156, 22.85719108581543, 1.4823088645935059)",1,3.3081207275390625,1,"(5.369687557220459, -26.266620635986328, 794.8487548828125)",1
8586756243,924895569068,"(0.6569197177886963, 0.94448322057724)","(87.26880645751953, 26.4658260345459, 2.7957324981689453)",1,2.8189544677734375,1,"(-52.795921325683594, -29.95528793334961, 792.4931030273438)",1,"(0.6587381958961487, 0.953523576259613)","(88.27263641357422, 23.82805824279785, 1.8356801271438599)",1,3.3038177490234375,1,"(5.368797779083252, -26.237260818481445, 794.2061157226562)",1
8586773131,924895585956,"(0.6517806053161621, 0.9429417252540588)","(84.43199920654297, 26.915607452392578, 2.959454298019409)",1,2.8276214599609375,1,"(-52.78554153442383, -29.94166374206543, 792.2508544921875)",1,"(0.6591047644615173, 0.9525159597396851)","(88.47490692138672, 24.1220703125, 1.942684292793274)",1,3.3090667724609375,1,"(5.359938144683838, -26.222700119018555, 793.8201904296875)",1
8586790135,924895602961,"(nan, nan)","(nan, nan, nan)",0,nan,0,"(nan, nan, nan)",0,"(0.6602835059165955, 0.9480004906654358)","(89.1256103515625, 25.439573287963867, 2.422206163406372)",1,3.333709716796875,1,"(5.339639186859131, -26.196441650390625, 793.2830200195312)",1
8586806163,924895618989,"(0.6513954997062683, 0.9277657866477966)","(84.21943664550781, 31.343568801879883, 4.571104526519775)",1,2.8271484375,1,"(-52.77042770385742, -29.894126892089844, 791.1373291015625)",1,"(0.6602712273597717, 0.9476252794265747)","(89.1188735961914, 25.54901885986328, 2.462125301361084)",1,3.3268280029296875,1,"(5.3070526123046875, -26.17403793334961, 792.8322143554688)",1
8586823001,924895635827,"(0.6514021754264832, 0.9230151772499084)","(84.22310638427734, 32.729679107666016, 5.075592517852783)",1,2.8617401123046875,1,"(-52.77630615234375, -29.886764526367188, 790.992431640625)",1,"(0.6591084599494934, 0.9406896233558655)","(88.47699737548828, 27.57269287109375, 3.1986610889434814)",1,3.309234619140625,1,"(5.278244972229004, -26.163002014160156, 792.6036987304688)",1
8586840055,924895652881,"(0.6508253216743469, 0.9308947920799255)","(83.90470123291016, 30.43063735961914, 4.23881196975708)",1,2.85760498046875,1,"(-52.78679656982422, -29.880531311035156, 790.848876953125)",1,"(0.6598405838012695, 0.9383612871170044)","(88.88113403320312, 28.25208854675293, 3.4459173679351807)",1,3.3138580322265625,1,"(5.257357597351074, -26.159791946411133, 792.473388671875)",1
8586856083,924895668910,"(0.6633703708648682, 0.9054222702980042)","(90.82957458496094, 37.862884521484375, 6.943933486938477)",1,2.8678131103515625,1,"(-52.776954650878906, -29.867359161376953, 790.8943481445312)",1,"(0.6780852675437927, 0.9193412065505981)","(98.95223999023438, 33.801692962646484, 5.465770244598389)",1,3.301055908203125,1,"(5.256092071533203, -26.14297866821289, 792.514404296875)",1
8586872967,924895685794,"(0.6600245833396912, 0.913837730884552)","(88.98271942138672, 35.407466888427734, 6.050205230712891)",1,2.846099853515625,1,"(-52.78086853027344, -29.870450973510742, 790.9293823242188)",1,"(0.6751686930656433, 0.9164412021636963)","(97.34228515625, 34.6478385925293, 5.77372407913208)",1,3.3337554931640625,1,"(5.247827529907227, -26.141592025756836, 792.5575561523438)",1
8586889925,924895702752,"(nan, nan)","(nan, nan, nan)",0,nan,0,"(nan, nan, nan)",0,"(0.6709811091423035, 0.9195759296417236)","(95.0307846069336, 33.73318099975586, 5.44086217880249)",1,3.326873779296875,1,"(5.2313666343688965, -26.149139404296875, 792.5319213867188)",1
8586906003,924895718831,"(0.6655230522155762, 0.9119317531585693)","(92.01789093017578, 35.963558197021484, 6.252643585205078)",1,2.848846435546875,1,"(-52.841407775878906, -29.90053939819336, 790.98291015625)",1,"(0.6717690825462341, 0.9254482984542847)","(95.46573638916016, 32.019771575927734, 4.8172101974487305)",1,3.3292694091796875,1,"(5.2190165519714355, -26.15873146057129, 792.589599609375)",1
8586922837,924895735665,"(0.6640288233757019, 0.9121983051300049)","(91.19303131103516, 35.88579177856445, 6.224358558654785)",1,2.83551025390625,1,"(-52.85148620605469, -29.905315399169922, 791.0308227539062)",1,"(0.6644646525382996, 0.9214668869972229)","(91.43362426757812, 33.181461334228516, 5.2400383949279785)",1,3.3257293701171875,1,"(5.2097697257995605, -26.165607452392578, 792.6686401367188)",1
8586939895,924895752723,"(nan, nan)","(nan, nan, nan)",0,nan,0,"(nan, nan, nan)",0,"(0.6674193739891052, 0.9214513897895813)","(93.06463623046875, 33.185970306396484, 5.241699695587158)",1,3.3499908447265625,1,"(5.192758560180664, -26.17144775390625, 792.7628784179688)",1
8586955918,924895768746,"(0.6651701927185059, 0.9249118566513062)","(91.82311248779297, 32.17631912231445, 4.874180793762207)",1,2.84490966796875,1,"(-52.92007064819336, -29.918367385864258, 791.208984375)",1,"(0.6730566024780273, 0.9236348867416382)","(96.17642974853516, 32.54885482788086, 5.009812355041504)",1,3.3223876953125,1,"(5.166010856628418, -26.173046112060547, 792.8390502929688)",1
8586972705,924895785534,"(0.6739500164985657, 0.927182674407959)","(96.66954803466797, 31.513729095458984, 4.633016109466553)",1,2.911468505859375,1,"(-52.943328857421875, -29.92817497253418, 791.216796875)",1,"(0.671089768409729, 0.9273794293403625)","(95.09075164794922, 31.45631217956543, 4.6121673583984375)",1,3.310577392578125,1,"(5.146358489990234, -26.172664642333984, 792.8477172851562)",1
8586989811,924895802640,"(0.6743839383125305, 0.8905931115150452)","(96.90911865234375, 42.1897087097168, 8.518746376037598)",1,2.824127197265625,1,"(-52.974143981933594, -29.94062042236328, 791.2329711914062)",1,"(0.6735159158706665, 0.9227383136749268)","(96.42998504638672, 32.810447692871094, 5.105060577392578)",1,3.3020782470703125,1,"(5.115332126617432, -26.17054557800293, 792.869384765625)",1
8587005838,924895818667,"(0.6690056920051575, 0.8986569046974182)","(93.94026184082031, 39.836856842041016, 7.662405490875244)",1,2.8451690673828125,1,"(-53.000816345214844, -29.93362045288086, 791.2238159179688)",1,"(0.6785846948623657, 0.9181997776031494)","(99.22794342041016, 34.13472366333008, 5.586998462677002)",1,3.2914581298828125,1,"(5.089663505554199, -26.166702270507812, 792.8621826171875)",1
8587022671,924895835500,"(0.6637138724327087, 0.9151003956794739)","(91.01920318603516, 35.03903579711914, 5.916126251220703)",1,2.831207275390625,1,"(-52.998661041259766, -29.926118850708008, 791.1091918945312)",1,"(0.6765041351318359, 0.9183136224746704)","(98.0794448852539, 34.10151672363281, 5.574902057647705)",1,3.28399658203125,1,"(5.080157279968262, -26.162342071533203, 792.7566528320312)",1
8587039735,924895852565,"(nan, nan)","(nan, nan, nan)",0,nan,0,"(nan, nan, nan)",0,"(0.6789088845252991, 0.9266684055328369)","(99.4068374633789, 31.663782119750977, 4.687675952911377)",1,3.292724609375,1,"(5.076094627380371, -26.144197463989258, 792.3436279296875)",1
8587055758,924895868588,"(0.6619738936424255, 0.9201083779335022)","(90.05870056152344, 33.577816009521484, 5.384307861328125)",1,2.816131591796875,1,"(-52.940879821777344, -29.84943199157715, 790.1180419921875)",1,"(0.6795318722724915, 0.9215749502182007)","(99.75077819824219, 33.14992904663086, 5.228576183319092)",1,3.2899932861328125,1,"(5.081516742706299, -26.119531631469727, 791.8331909179688)",1
8587072637,924895885467,"(0.6667636036872864, 0.911749005317688)","(92.70264434814453, 36.01688766479492, 6.272084712982178)",1,2.8667449951171875,1,"(-52.92549514770508, -29.82825469970703, 789.92236328125)",1,"(0.676244854927063, 0.9217121005058289)","(97.93633270263672, 33.109893798828125, 5.213991165161133)",1,3.2762908935546875,1,"(5.0869140625, -26.098371505737305, 791.544189453125)",1
8587089655,924895902486,"(0.6659913659095764, 0.8879954218864441)","(92.27635955810547, 42.94761276245117, 8.794649124145508)",1,2.8000640869140625,1,"(-52.9212760925293, -29.793588638305664, 789.5499267578125)",1,"(0.6743894815444946, 0.9215151071548462)","(96.9121322631836, 33.16738510131836, 5.234952926635742)",1,3.26617431640625,1,"(5.069499969482422, -26.05006217956543, 791.1737670898438)",1
8587105678,924895918509,"(0.574956476688385, 0.7554169297218323)","(42.02478790283203, 81.63087463378906, 22.874202728271484)",1,2.828582763671875,1,"(-53.115692138671875, -29.61812973022461, 789.54248046875)",1,"(0.6017768383026123, 0.7814885377883911)","(56.829734802246094, 74.02383422851562, 20.105466842651367)",1,3.2683258056640625,1,"(4.8215155601501465, -25.83134651184082, 791.1793823242188)",1
8587122604,924895935435,"(0.5062618851661682, 0.6012319922447205)","(4.1051926612854, 126.618408203125, 39.24833297729492)",1,2.8102264404296875,1,"(-53.319278717041016, -29.373889923095703, 789.303466796875)",1,"(0.5339632630348206, 0.6588274240493774)","(19.39643096923828, 109.81341552734375, 33.13180923461914)",1,3.3060150146484375,1,"(4.498175621032715, -25.588132858276367, 790.9690551757812)",1
8587139525,924895952356,"(0.4304843246936798, 0.40644773840904236)","(-37.72429656982422, 183.4518280029297, 59.93404769897461)",1,2.823638916015625,1,"(-53.62538528442383, -29.090694427490234, 789.7660522460938)",1,"(0.4417441785335541, 0.461865097284317)","(-31.50883674621582, 167.2823486328125, 54.04883575439453)",1,3.2468719482421875,1,"(4.058078289031982, -25.2485294342041, 791.4624633789062)",1
8587155598,924895968430,"(0.4057876169681549, 0.3013457655906677)","(-51.35698318481445, 214.1181182861328, 71.09562683105469)",1,2.7006988525390625,1,"(-53.85318374633789, -28.91697120666504, 790.2882690429688)",1,"(0.387551873922348, 0.33157503604888916)","(-61.42317199707031, 205.29791259765625, 67.88530731201172)",1,3.266021728515625,1,"(3.799177408218384, -25.064836502075195, 792.0490112304688)",1
8587172473,924895985305,"(0.357215940952301, 0.28447046875953674)","(-78.16870880126953, 219.0419158935547, 72.88770294189453)",1,2.8625640869140625,1,"(-54.009193420410156, -28.84214973449707, 790.8265991210938)",1,"(0.36051440238952637, 0.25266098976135254)","(-76.34794616699219, 228.3231964111328, 76.26580810546875)",1,3.2396087646484375,1,"(3.7151992321014404, -25.02381706237793, 792.51513671875)",1
8587189343,924896002175,"(0.3549417555332184, 0.2772397994995117)","(-79.42407989501953, 221.1516571044922, 73.65557861328125)",1,2.8550567626953125,1,"(-54.10258483886719, -28.897354125976562, 791.3030395507812)",1,"(0.358553022146225, 0.2526721954345703)","(-77.43061828613281, 228.31991577148438, 76.26461029052734)",1,3.2727203369140625,1,"(3.716308116912842, -25.078468322753906, 793.0537109375)",1
8587205537,924896018369,"(0.3533243238925934, 0.2632898986339569)","(-80.31689453125, 225.22190856933594, 75.13704681396484)",1,2.84259033203125,1,"(-54.16838836669922, -28.953983306884766, 791.7092895507812)",1,"(0.35349375009536743, 0.24861404299736023)","(-80.22338104248047, 229.50396728515625, 76.69561767578125)",1,3.295166015625,1,"(3.759773015975952, -25.133150100708008, 793.4566650390625)",1
8587222342,924896035175,"(0.3514302670955658, 0.2585839331150055)","(-81.36244201660156, 226.5950164794922, 75.63680267333984)",1,2.846832275390625,1,"(-54.21747589111328, -28.997697830200195, 792.2639770507812)",1,"(0.3523157835006714, 0.2538497745990753)","(-80.87361907958984, 227.97630310058594, 76.13959503173828)",1,3.261016845703125,1,"(3.7816429138183594, -25.155805587768555, 793.9573364257812)",1
8587239162,924896051995,"(0.3505136966705322, 0.2578869163990021)","(-81.86837005615234, 226.7983856201172, 75.7108383178711)",1,2.839752197265625,1,"(-54.2720947265625, -29.033039093017578, 793.034423828125)",1,"(0.35267969965934753, 0.2565886080265045)","(-80.67273712158203, 227.1771697998047, 75.84874725341797)",1,3.2851104736328125,1,"(3.827624797821045, -25.18843650817871, 794.785888671875)",1
8587255438,924896068271,"(0.3545939028263092, 0.27340570092201233)","(-79.61605072021484, 222.2703399658203, 74.06279754638672)",1,2.832916259765625,1,"(-54.309566497802734, -29.0396728515625, 793.6261596679688)",1,"(0.3531150221824646, 0.26127517223358154)","(-80.43243408203125, 225.8097686767578, 75.35100555419922)",1,3.2839508056640625,1,"(3.8572683334350586, -25.1942081451416, 795.3793334960938)",1
8587272212,924896085046,"(0.35332173109054565, 0.273285448551178)","(-80.31832122802734, 222.30545043945312, 74.07556915283203)",1,2.81658935546875,1,"(-54.32914733886719, -29.035518646240234, 794.038818359375)",1,"(0.3521530330181122, 0.2567945718765259)","(-80.96344757080078, 227.11709594726562, 75.82685089111328)",1,3.2853851318359375,1,"(3.8732924461364746, -25.19793128967285, 795.7481079101562)",1
8587288980,924896101814,"(0.34747859835624695, 0.2768792510032654)","(-83.54374694824219, 221.25686645507812, 73.69389343261719)",1,2.831024169921875,1,"(-54.34774398803711, -29.007890701293945, 794.5059204101562)",1,"(0.3538490831851959, 0.2580685317516327)","(-80.02722930908203, 226.74537658691406, 75.6915512084961)",1,3.2686767578125,1,"(3.898423194885254, -25.192447662353516, 796.2432861328125)",1
8587305377,924896118211,"(0.34802570939064026, 0.2796269655227661)","(-83.24173736572266, 220.45509338378906, 73.40214538574219)",1,2.8241729736328125,1,"(-54.367244720458984, -28.98773765563965, 794.9340209960938)",1,"(0.352268248796463, 0.25890299677848816)","(-80.89984130859375, 226.5019073486328, 75.60295867919922)",1,3.2604827880859375,1,"(3.9300451278686523, -25.17601776123047, 796.679931640625)",1
8587322082,924896134916,"(0.3499250113964081, 0.2909197211265564)","(-82.19332122802734, 217.16015625, 72.20283508300781)",1,2.8474273681640625,1,"(-54.3861083984375, -28.970420837402344, 795.2560424804688)",1,"(0.3551373779773712, 0.26497822999954224)","(-79.31609344482422, 224.72930908203125, 74.95774841308594)",1,3.2604217529296875,1,"(3.9485108852386475, -25.16105079650879, 796.9660034179688)",1
8587338799,924896151634,"(0.345113068819046, 0.28457149863243103)","(-84.84951782226562, 219.01242065429688, 72.87696838378906)",1,2.8381500244140625,1,"(-54.40114212036133, -28.964088439941406, 795.6021118164062)",1,"(0.3529593348503113, 0.2706768214702606)","(-80.51835632324219, 223.06654357910156, 74.35261535644531)",1,3.249847412109375,1,"(3.9834306240081787, -25.14203453063965, 797.3414916992188)",1
8587355297,924896168132,"(0.3454802632331848, 0.28460004925727844)","(-84.64684295654297, 219.00411987304688, 72.87394714355469)",1,2.8291015625,1,"(-54.40366744995117, -28.95183753967285, 795.862060546875)",1,"(0.35283058881759644, 0.2582691013813019)","(-80.58940124511719, 226.6868133544922, 75.67029571533203)",1,3.2370147705078125,1,"(4.00225305557251, -25.132429122924805, 797.5992431640625)",1
8587371950,924896184785,"(0.3473975956439972, 0.2728103697299957)","(-83.58847045898438, 222.4440460205078, 74.12599182128906)",1,2.8204803466796875,1,"(-54.40589141845703, -28.953472137451172, 796.008056640625)",1,"(0.3546888530254364, 0.266488254070282)","(-79.56365203857422, 224.28868103027344, 74.79741668701172)",1,3.26495361328125,1,"(4.012548446655273, -25.12462615966797, 797.7265014648438)",1
8587388811,924896201646,"(0.34876522421836853, 0.2696686089038849)","(-82.83354187011719, 223.3607635498047, 74.45966339111328)",1,2.8092803955078125,1,"(-54.42323303222656, -28.96043586730957, 796.2500610351562)",1,"(0.3523904085159302, 0.2623538672924042)","(-80.83240509033203, 225.4950408935547, 75.2364273071289)",1,3.250640869140625,1,"(4.02365779876709, -25.132596969604492, 797.9791870117188)",1
8587405217,924896218053,"(0.3496004343032837, 0.2776244878768921)","(-82.37251281738281, 221.03941345214844, 73.61473083496094)",1,2.850250244140625,1,"(-54.46128463745117, -28.976743698120117, 796.6846313476562)",1,"(0.35305818915367126, 0.2659410536289215)","(-80.46378326416016, 224.44833374023438, 74.85555267333984)",1,3.2422332763671875,1,"(4.018397331237793, -25.14443016052246, 798.427734375)",1
8587421916,924896234752,"(0.35109826922416687, 0.272738516330719)","(-81.54566955566406, 222.46502685546875, 74.13359832763672)",1,2.8491363525390625,1,"(-54.496334075927734, -28.989194869995117, 796.9769287109375)",1,"(0.3526704013347626, 0.2687999904155731)","(-80.67786407470703, 223.61419677734375, 74.55192565917969)",1,3.275299072265625,1,"(4.0112175941467285, -25.165302276611328, 798.6912231445312)",1
8587438727,924896251563,"(0.3488265872001648, 0.2802601754665375)","(-82.79966735839844, 220.27037048339844, 73.33484649658203)",1,2.8585968017578125,1,"(-54.53012466430664, -29.007871627807617, 797.2545776367188)",1,"(0.35212233662605286, 0.267790824174881)","(-80.98039245605469, 223.9086456298828, 74.65904235839844)",1,3.273895263671875,1,"(4.005919456481934, -25.184053421020508, 798.9920043945312)",1
8587455137,924896267974,"(0.35038748383522034, 0.2840119004249573)","(-81.93803405761719, 219.1757049560547, 72.93644714355469)",1,2.890655517578125,1,"(-54.55546188354492, -29.018232345581055, 797.37255859375)",1,"(0.35065147280693054, 0.2606167793273926)","(-81.79232025146484, 226.00184631347656, 75.42098236083984)",1,3.2733612060546875,1,"(3.9903693199157715, -25.20496368408203, 799.1100463867188)",1
8587471786,924896284623,"(0.3403935134410858, 0.24724116921424866)","(-87.45477294921875, 229.90455627441406, 76.84139251708984)",1,2.867645263671875,1,"(-54.5820426940918, -29.0058650970459, 797.4302368164062)",1,"(0.3444099724292755, 0.2462640255689621)","(-85.23765563964844, 230.1896514892578, 76.94522094726562)",1,3.281524658203125,1,"(3.9540183544158936, -25.170156478881836, 799.1625366210938)",1
8587488643,924896301480,"(0.3357870578765869, 0.19959847629070282)","(-89.99752044677734, 243.80555725097656, 81.90096282958984)",1,2.89239501953125,1,"(-54.58723068237305, -28.869882583618164, 797.3212890625)",1,"(0.3388896584510803, 0.17364521324634552)","(-88.28488159179688, 251.37811279296875, 84.6571273803711)",1,3.29681396484375,1,"(3.8562910556793213, -25.061059951782227, 799.0553588867188)",1
8587505043,924896317880,"(0.3333492577075958, 0.20169170200824738)","(-91.34319305419922, 243.19479370117188, 81.67867279052734)",1,2.8814239501953125,1,"(-54.596370697021484, -28.807897567749023, 797.1766967773438)",1,"(0.3392276465892792, 0.15729480981826782)","(-88.09829711914062, 256.1487731933594, 86.3935317993164)",1,3.287872314453125,1,"(3.8243603706359863, -25.01384925842285, 798.9144287109375)",1
8587521655,924896334493,"(0.33533623814582825, 0.1910077929496765)","(-90.24636840820312, 246.3120880126953, 82.81330871582031)",1,2.87469482421875,1,"(-54.65425491333008, -28.843530654907227, 797.4125366210938)",1,"(0.33572813868522644, 0.15613733232021332)","(-90.0300521850586, 256.4864807128906, 86.51646423339844)",1,3.282867431640625,1,"(3.8191514015197754, -25.020410537719727, 799.1644897460938)",1
8587538557,924896351395,"(0.33482977747917175, 0.17548473179340363)","(-90.52593231201172, 250.84136962890625, 84.46178436279297)",1,2.8826904296875,1,"(-54.751190185546875, -28.877037048339844, 797.9869384765625)",1,"(0.3333454430103302, 0.14918945729732513)","(-91.34529113769531, 258.51373291015625, 87.2542495727539)",1,3.303375244140625,1,"(3.7795841693878174, -25.036327362060547, 799.739501953125)",1
8587554963,924896367801,"(0.3319990336894989, 0.1757887303829193)","(-92.0885238647461, 250.75270080566406, 84.42948913574219)",1,2.8872528076171875,1,"(-54.85212326049805, -28.90532684326172, 798.5798950195312)",1,"(0.3357087969779968, 0.15663863718509674)","(-90.04073333740234, 256.3402099609375, 86.4632339477539)",1,3.309814453125,1,"(3.7301039695739746, -25.041900634765625, 800.3267822265625)",1
8587571621,924896384459,"(0.327609658241272, 0.172631174325943)","(-94.511474609375, 251.67396545410156, 84.7647933959961)",1,2.882598876953125,1,"(-54.888702392578125, -28.922548294067383, 798.7966918945312)",1,"(0.33726024627685547, 0.1546802520751953)","(-89.18431091308594, 256.91162109375, 86.67122650146484)",1,3.2867889404296875,1,"(3.6982688903808594, -25.045412063598633, 800.5597534179688)",1
8587588473,924896401312,"(0.3309614658355713, 0.17266246676445007)","(-92.66127014160156, 251.6648406982422, 84.76148223876953)",1,2.884368896484375,1,"(-54.952491760253906, -28.938140869140625, 798.9072265625)",1,"(0.34232297539711, 0.15892598032951355)","(-86.3896713256836, 255.6728057861328, 86.22029876708984)",1,3.3133392333984375,1,"(3.642787456512451, -25.04410171508789, 800.6697998046875)",1
8587604883,924896417722,"(0.33312687277793884, 0.17373093962669373)","(-91.46595764160156, 251.35308837890625, 84.6480484008789)",1,2.9068145751953125,1,"(-54.99307632446289, -28.95212173461914, 798.954345703125)",1,"(0.3370184898376465, 0.15515154600143433)","(-89.31776428222656, 256.77410888671875, 86.62110900878906)",1,3.317352294921875,1,"(3.6205708980560303, -25.049102783203125, 800.7177734375)",1
8587621587,924896434426,"(0.332992821931839, 0.16316907107830048)","(-91.5399398803711, 254.43478393554688, 85.76969909667969)",1,2.9163055419921875,1,"(-55.01820755004883, -28.966651916503906, 799.035888671875)",1,"(0.3396269977092743, 0.1519376039505005)","(-87.87786102294922, 257.7118835449219, 86.96243286132812)",1,3.33160400390625,1,"(3.602494478225708, -25.05801010131836, 800.80224609375)",1
8587638388,924896451228,"(0.3306872844696045, 0.16291317343711853)","(-92.81261444091797, 254.5094757080078, 85.7968521118164)",1,2.91326904296875,1,"(-55.04170608520508, -28.976350784301758, 799.1669921875)",1,"(0.3416478931903839, 0.145180806517601)","(-86.76232147216797, 259.683349609375, 87.6799545288086)",1,3.3251800537109375,1,"(3.5882320404052734, -25.07137680053711, 800.9321899414062)",1
8587654803,924896467643,"(0.33321768045425415, 0.16934466361999512)","(-91.41581726074219, 252.6328887939453, 85.1138916015625)",1,2.897796630859375,1,"(-55.051795959472656, -28.98447608947754, 799.2339477539062)",1,"(0.34079477190971375, 0.14968356490135193)","(-87.23323822021484, 258.3695373535156, 87.20181274414062)",1,3.3209686279296875,1,"(3.5840790271759033, -25.06587028503418, 800.9979248046875)",1
8587671457,924896484297,"(0.3320075273513794, 0.17390981316566467)","(-92.08382415771484, 251.3008575439453, 84.62908935546875)",1,2.914581298828125,1,"(-55.0429801940918, -28.95819091796875, 799.2420654296875)",1,"(0.3370910882949829, 0.14350052177906036)","(-89.27767944335938, 260.1736145019531, 87.85842895507812)",1,3.3088226318359375,1,"(3.6035830974578857, -25.040477752685547, 801.0050048828125)",1
8587688304,924896501144,"(0.3224526047706604, 0.2188960313796997)","(-97.35818481445312, 238.17498779296875, 79.8515853881836)",1,2.77557373046875,1,"(-55.010704040527344, -28.879169464111328, 799.4004516601562)",1,"(0.33215832710266113, 0.16620704531669617)","(-92.0006103515625, 253.54835510253906, 85.44706726074219)",1,3.2767181396484375,1,"(3.62442684173584, -24.96112632751465, 801.18310546875)",1
8587704728,924896517569,"(nan, nan)","(nan, nan, nan)",0,nan,0,"(nan, nan, nan)",0,"(0.368213951587677, 0.29217246174812317)","(-72.09777069091797, 216.79466247558594, 72.06978607177734)",1,2.7206268310546875,1,"(3.6480133533477783, -24.86673355102539, 801.2977294921875)",1
8587721327,924896534168,"(nan, nan)","(nan, nan, nan)",0,nan,0,"(nan, nan, nan)",0,"(nan, nan)","(nan, nan, nan)",0,nan,0,"(nan, nan, nan)",0
8587738220,924896551061,"(nan, nan)","(nan, nan, nan)",0,nan,0,"(nan, nan, nan)",0,"(0.27170702815055847, 0.3636958599090576)","(-125.36990356445312, 195.92581176757812, 64.4742431640625)",1,2.3177337646484375,1,"(3.891667127609253, -24.73738670349121, 800.065185546875)",1
8587754657,924896567498,"(nan, nan)","(nan, nan, nan)",0,nan,0,"(nan, nan, nan)",0,"(0.3958299160003662, 0.30463945865631104)","(-56.85367202758789, 213.15707397460938, 70.74586486816406)",1,2.741302490234375,1,"(3.961045265197754, -24.799835205078125, 799.7127685546875)",1
8587771293,924896584135,"(0.5361260771751404, 0.22289806604385376)","(20.59030532836914, 237.00729370117188, 79.42657470703125)",1,2.0310821533203125,1,"(-54.58181381225586, -28.724571228027344, 797.8882446289062)",1,"(0.3943229913711548, 0.257791668176651)","(-57.68545913696289, 226.82614135742188, 75.72097778320312)",1,3.1578216552734375,1,"(4.002865791320801, -24.83172607421875, 799.6658935546875)",1
8587788232,924896601074,"(0.4281734228134155, 0.2448594570159912)","(-38.99993896484375, 230.59950256347656, 77.09432220458984)",1,2.6503753662109375,1,"(-54.545440673828125, -28.720613479614258, 797.7881469726562)",1,"(0.4043829143047333, 0.16355811059474945)","(-52.13237380981445, 254.3212890625, 85.7283706665039)",1,3.32952880859375,1,"(4.0557942390441895, -24.899686813354492, 799.51953125)",1
8587804577,924896617419,"(0.3979378342628479, 0.1868596076965332)","(-55.6900749206543, 247.52247619628906, 83.2537841796875)",1,2.91131591796875,1,"(-54.487335205078125, -28.760969161987305, 797.8339233398438)",1,"(0.4046735167503357, 0.1587185263633728)","(-51.97196578979492, 255.7333526611328, 86.24235534667969)",1,3.3180084228515625,1,"(4.130589485168457, -24.973356246948242, 799.56396484375)",1
8587821259,924896634102,"(0.40490132570266724, 0.1786269247531891)","(-51.84620666503906, 249.92454528808594, 84.12808227539062)",1,2.96435546875,1,"(-54.471588134765625, -28.777751922607422, 798.135009765625)",1,"(0.40699002146720886, 0.17522881925106049)","(-50.693260192871094, 250.916015625, 84.48899841308594)",1,3.3089599609375,1,"(4.187047481536865, -25.035921096801758, 799.843994140625)",1
8587838146,924896650989,"(0.4032186269760132, 0.20098699629306793)","(-52.77505111694336, 243.40040588378906, 81.75350952148438)",1,2.9369049072265625,1,"(-54.4238395690918, -28.816547393798828, 798.5866088867188)",1,"(0.40515264868736267, 0.16630026698112488)","(-51.70750427246094, 253.5211639404297, 85.43718719482422)",1,3.3389129638671875,1,"(4.280362129211426, -25.10087013244629, 800.3123779296875)",1
8587854488,924896667331,"(0.4021652340888977, 0.1944829225540161)","(-53.35653305053711, 245.2981719970703, 82.4442138671875)",1,2.9349365234375,1,"(-54.34261703491211, -28.84749984741211, 798.456787109375)",1,"(0.40482962131500244, 0.17380553483963013)","(-51.88579559326172, 251.33132934570312, 84.64010620117188)",1,3.3300018310546875,1,"(4.348891258239746, -25.128053665161133, 800.1715698242188)",1
8587871127,924896683970,"(0.40103378891944885, 0.1900741308927536)","(-53.98110580444336, 246.5845184326172, 82.91241455078125)",1,2.9220428466796875,1,"(-54.29991912841797, -28.904462814331055, 798.4279174804688)",1,"(0.4018700122833252, 0.18198929727077484)","(-53.51950454711914, 248.94351196289062, 83.77101135253906)",1,3.316192626953125,1,"(4.381595611572266, -25.16511344909668, 800.1395874023438)",1
8587887965,924896700809,"(0.40380793809890747, 0.1942528784275055)","(-52.44976043701172, 245.3652801513672, 82.4686508178711)",1,2.9429473876953125,1,"(-54.27189254760742, -29.008975982666016, 798.5006103515625)",1,"(0.40326035022735596, 0.1741357147693634)","(-52.75203323364258, 251.2349853515625, 84.60508728027344)",1,3.327484130859375,1,"(4.421749114990234, -25.293020248413086, 800.2135620117188)",1
8587904408,924896717252,"(0.40403467416763306, 0.20487333834171295)","(-52.32460021972656, 242.26646423339844, 81.34077453613281)",1,2.93701171875,1,"(-54.25232696533203, -29.11893081665039, 798.5677490234375)",1,"(0.40635946393013, 0.18514560163021088)","(-51.041316986083984, 248.02255249023438, 83.43585205078125)",1,3.339813232421875,1,"(4.4376373291015625, -25.444671630859375, 800.2774047851562)",1
8587921094,924896733938,"(0.4052544832229614, 0.19518615305423737)","(-51.651275634765625, 245.0929718017578, 82.36954498291016)",1,2.9486846923828125,1,"(-54.233909606933594, -29.210227966308594, 798.5115966796875)",1,"(0.40776270627975464, 0.1733900010585785)","(-50.26670455932617, 251.45254516601562, 84.68427276611328)",1,3.3359375,1,"(4.460455894470215, -25.547780990600586, 800.2251586914062)",1
8587937881,924896750725,"(0.4049769639968872, 0.19801074266433716)","(-51.80449295043945, 244.2688446044922, 82.06959533691406)",1,2.9727325439453125,1,"(-54.18241882324219, -29.21376609802246, 798.4702758789062)",1,"(0.4085747003555298, 0.1840483546257019)","(-49.8184814453125, 248.3427276611328, 83.55231475830078)",1,3.362518310546875,1,"(4.50521993637085, -25.578935623168945, 800.1776123046875)",1
8587954328,924896767173,"(0.39978694915771484, 0.2032206952571869)","(-54.669368743896484, 242.74867248535156, 81.51628875732422)",1,2.977569580078125,1,"(-54.08967971801758, -29.116947174072266, 798.37255859375)",1,"(0.40996497869491577, 0.19139733910560608)","(-49.05104064941406, 246.19845581054688, 82.77191162109375)",1,3.3854522705078125,1,"(4.57957124710083, -25.519718170166016, 800.0758056640625)",1
8587971060,924896783905,"(0.39837193489074707, 0.19008079171180725)","(-55.45045852661133, 246.5825653076172, 82.9117202758789)",1,2.9890289306640625,1,"(-53.996280670166016, -29.042259216308594, 798.2454223632812)",1,"(0.40953946113586426, 0.19259396195411682)","(-49.285926818847656, 245.84930419921875, 82.64481353759766)",1,3.37969970703125,1,"(4.659897804260254, -25.436616897583008, 799.9518432617188)",1
